0	1	62	3	115	83	324
2	1	39	573	639	254	391
4	1	39	541	606	303	447
5	1	39	530	588	332	457
6	1	39	515	576	350	478
7	1	73	55	175	338	428
7	2	39	510	562	375	477
8	1	39	500	551	394	479
9	1	39	498	544	416	479
10	1	39	491	534	432	479
20	1	73	235	420	337	456
20	2	39	469	511	432	479
22	1	39	468	509	402	479
23	1	39	466	511	388	479
24	1	73	244	416	295	398
24	2	39	466	510	372	477
25	1	73	248	422	280	390
25	2	39	465	509	360	475
26	1	39	464	510	345	467
27	1	39	462	508	331	452
28	1	73	25	134	308	386
28	2	39	461	510	313	435
29	1	39	464	516	292	417
30	1	73	21	226	196	365
30	2	73	36	149	265	349
30	3	39	475	525	275	391
31	1	73	49	157	254	338
31	2	73	29	225	204	354
31	3	39	485	536	262	382
32	1	73	58	168	245	325
32	2	39	492	547	248	371
33	1	73	61	261	171	330
33	2	73	66	173	232	315
33	3	39	502	555	242	357
34	1	73	67	264	172	320
34	2	39	512	566	230	356
35	1	73	84	271	172	308
35	2	39	529	589	224	345
36	1	62	0	71	79	327
36	2	39	549	609	216	338
37	1	73	123	308	159	292
37	2	62	0	85	77	327
37	3	39	569	630	214	336
38	1	73	132	325	154	285
38	2	62	3	112	85	313
39	1	73	174	349	162	281
39	2	62	2	133	83	319
40	1	73	188	374	159	280
40	2	62	7	159	80	297
41	1	64	1	68	334	364
42	1	73	221	421	163	292
43	1	73	259	461	174	296
44	1	73	278	471	176	301
45	1	73	312	509	193	301
45	2	66	4	165	342	470
45	3	64	94	160	323	357
46	1	73	316	523	182	318
46	2	66	5	173	335	476
46	3	64	109	173	325	359
47	1	73	323	524	226	341
47	2	73	345	447	245	317
47	3	66	7	211	339	474
47	4	64	119	185	332	364
48	1	73	356	557	225	337
48	2	66	9	220	338	475
48	3	64	143	208	334	370
48	4	62	135	336	118	289
49	1	66	20	248	353	479
49	2	62	3	156	99	395
49	3	62	168	355	126	293
50	1	73	412	620	272	369
50	2	66	30	286	363	475
50	3	62	208	394	141	320
51	1	73	431	627	279	385
51	2	66	40	304	371	475
51	3	62	227	424	151	328
51	4	62	6	218	121	427
53	1	62	313	506	171	367
54	1	62	347	550	175	372
55	1	62	377	591	192	378
55	2	62	43	372	167	432
56	1	62	98	420	175	435
57	1	62	128	450	170	428
58	1	62	171	493	170	422
59	1	62	200	526	170	428
59	2	56	152	398	142	279
60	1	56	435	592	93	194
60	2	62	231	574	160	417
60	3	56	191	434	144	270
61	1	64	566	634	400	441
61	2	62	254	583	144	419
61	3	56	208	453	134	271
62	1	62	277	617	127	384
63	1	62	285	621	125	370
64	1	62	297	625	106	361
65	1	62	305	639	72	334
66	1	62	315	639	69	317
67	1	62	337	637	56	321
68	1	62	351	639	31	279
68	2	41	363	418	277	342
69	1	73	45	157	257	338
69	2	62	367	639	19	272
69	3	56	219	356	8	137
69	4	41	374	428	262	330
70	1	73	53	165	236	324
70	2	73	55	178	169	241
70	3	62	379	639	3	260
70	4	56	215	354	12	115
71	1	73	50	162	224	315
71	2	73	26	201	142	232
71	3	62	385	639	2	251
71	4	56	240	336	16	99
72	1	73	48	158	209	306
72	2	67	43	173	138	210
72	3	62	379	639	0	217
73	1	73	39	147	207	304
73	2	62	373	639	2	195
74	1	73	34	139	203	299
74	2	62	373	630	16	171
75	1	62	363	635	6	153
76	1	65	56	179	391	477
76	2	62	368	578	8	135
77	1	62	359	591	6	104
78	1	73	284	479	265	420
83	1	73	14	168	84	226
85	1	65	157	286	309	434
87	1	73	26	183	96	249
88	1	66	510	639	5	167
90	1	65	205	344	326	453
91	1	73	29	201	92	256
91	2	65	222	357	320	456
92	1	73	30	200	93	255
92	2	65	216	380	322	449
93	1	65	220	379	327	450
95	1	65	238	371	358	472
96	1	65	250	391	362	476
97	1	66	485	635	8	147
98	1	73	15	203	139	327
98	2	66	488	634	10	147
99	1	66	498	637	10	146
99	2	65	311	455	387	477
100	1	66	498	636	11	140
101	1	65	360	503	389	479
102	1	65	382	525	386	479
104	1	65	427	574	398	479
104	2	41	416	482	25	90
107	1	65	463	626	438	479
108	1	66	551	639	15	153
109	1	66	550	639	21	178
110	1	73	137	339	256	428
110	2	66	548	639	32	182
110	3	66	127	226	1	43
111	1	66	547	639	26	192
111	2	66	125	228	0	45
111	3	41	446	504	110	186
112	1	73	156	349	267	442
112	2	67	394	447	323	371
112	3	66	125	226	0	50
112	4	66	541	633	41	204
112	5	41	447	503	116	190
113	1	67	396	449	332	383
113	2	66	126	227	4	64
113	3	66	537	631	49	206
114	1	66	127	225	8	71
114	2	66	532	629	53	216
115	1	73	6	175	239	408
115	2	73	168	355	302	457
115	3	66	124	225	18	82
115	4	66	534	624	81	229
116	1	73	8	171	250	421
116	2	66	120	217	23	96
117	1	73	3	164	288	450
117	2	64	116	205	149	217
118	1	62	193	315	0	203
119	1	62	177	295	0	209
119	2	42	409	626	302	409
120	1	62	154	276	14	234
122	1	62	26	150	0	55
123	1	63	205	413	75	197
124	1	66	313	401	239	355
124	2	63	238	384	89	200
124	3	62	48	179	83	323
124	4	62	282	373	85	214
125	1	66	306	390	236	354
125	2	62	265	353	85	217
125	3	62	1	64	4	96
126	1	77	492	636	227	460
126	2	56	483	639	209	478
126	3	66	291	379	228	343
126	4	62	1	42	4	96
126	5	62	20	150	85	315
127	1	77	494	634	224	458
127	2	56	487	638	206	478
127	3	66	293	386	235	347
127	4	62	1	38	2	99
127	5	62	241	340	81	211
127	6	41	300	357	366	445
128	1	77	492	639	232	463
128	2	56	485	639	214	478
128	3	66	305	399	237	351
128	4	63	339	410	142	204
128	5	62	0	44	0	108
129	1	66	326	421	229	344
129	2	62	0	65	5	107
129	3	62	269	361	87	213
130	1	62	1	87	3	100
131	1	62	1	113	4	92
132	1	62	11	129	4	75
133	1	62	25	160	5	59
136	1	63	156	284	82	202
137	1	63	178	302	77	189
137	2	56	5	124	144	302
138	1	56	17	149	144	272
139	1	63	227	349	71	181
140	1	73	289	480	339	473
140	2	63	240	367	68	175
140	3	56	60	177	143	296
141	1	73	294	482	344	469
141	2	73	189	330	314	441
141	3	63	245	377	60	179
141	4	56	71	183	137	302
142	1	63	243	382	60	182
142	2	60	48	589	102	458
142	3	56	68	184	137	306
143	1	63	235	376	58	184
143	2	60	48	591	38	459
143	3	56	57	176	140	307
144	1	73	313	509	361	475
144	2	63	231	371	57	190
144	3	62	532	639	5	207
144	4	60	48	574	43	449
144	5	56	51	170	141	318
145	1	73	323	520	363	473
145	2	63	229	371	65	192
145	3	60	56	581	50	444
145	4	56	50	166	147	321
146	1	73	330	535	362	473
146	2	73	194	368	335	467
146	3	63	228	371	63	193
146	4	60	59	577	59	433
146	5	56	47	168	147	324
147	1	73	204	375	337	469
147	2	73	355	552	368	469
147	3	63	230	371	62	196
147	4	56	48	168	151	338
148	1	73	365	562	370	471
148	2	73	212	388	340	470
148	3	63	230	371	60	196
148	4	63	359	496	51	219
148	5	63	189	280	47	91
148	6	60	66	599	51	442
148	7	56	46	169	152	341
149	1	73	375	577	373	471
149	2	73	214	392	338	473
149	3	63	229	371	57	197
149	4	63	340	518	15	196
149	5	60	63	604	46	445
149	6	56	40	168	152	342
150	1	73	227	401	352	478
150	2	73	391	579	374	471
150	3	63	228	369	56	204
150	4	60	94	622	54	446
150	5	56	38	169	157	349
151	1	73	236	416	352	478
151	2	73	404	607	380	469
151	3	63	232	376	56	210
151	4	62	142	277	1	30
151	5	60	89	630	44	452
151	6	56	40	171	158	350
152	1	73	242	424	351	479
152	2	73	419	611	388	471
152	3	63	231	381	54	209
152	4	60	88	631	49	449
152	5	56	42	171	156	351
153	1	73	250	425	355	476
153	2	73	427	620	396	471
153	3	63	234	386	57	212
153	4	62	143	277	1	30
153	5	56	41	171	158	356
154	1	73	253	450	363	476
154	2	63	237	390	60	216
154	3	62	140	278	0	31
154	4	60	102	634	57	437
154	5	56	45	173	162	357
155	1	73	270	458	359	474
155	2	63	241	397	65	212
155	3	62	142	278	0	31
155	4	56	52	180	162	354
156	1	73	269	472	340	467
156	2	63	248	402	51	202
156	3	63	178	279	46	79
156	4	60	107	639	51	445
156	5	56	57	181	148	342
156	6	56	43	89	18	83
157	1	73	280	486	332	465
157	2	63	243	412	29	186
157	3	63	384	551	8	206
157	4	63	178	279	31	65
157	5	60	118	638	41	453
157	6	56	62	190	131	340
158	1	73	293	481	326	455
158	2	63	241	406	17	180
158	3	63	384	552	5	200
158	4	60	113	639	44	450
158	5	56	57	183	126	331
159	1	73	298	501	314	462
159	2	63	241	404	8	166
159	3	63	380	546	8	184
159	4	60	106	639	46	447
159	5	56	54	181	118	321
160	1	73	304	508	298	453
160	2	73	497	639	328	469
160	3	63	234	405	1	157
160	4	63	382	534	17	168
160	5	60	113	638	44	438
160	6	56	49	179	105	313
161	1	73	510	639	310	450
161	2	73	302	512	280	420
161	3	63	227	400	0	129
161	4	63	382	523	15	147
161	5	60	120	634	34	442
161	6	56	42	173	90	302
162	1	73	506	639	282	413
162	2	73	312	516	260	403
162	3	63	222	390	1	121
162	4	60	116	639	25	442
162	5	56	29	185	70	290
163	1	73	311	523	235	377
163	2	73	517	639	262	378
163	3	63	215	366	5	106
163	4	60	116	639	15	441
163	5	56	17	187	38	270
164	1	73	317	525	217	355
164	2	60	131	637	19	434
165	1	73	329	525	194	318
165	2	60	144	626	26	429
166	1	73	333	535	175	306
166	2	60	163	612	23	437
167	1	73	353	554	154	292
168	1	73	351	559	132	263
168	2	73	556	638	117	247
168	3	60	146	639	0	458
169	1	73	352	572	113	246
170	1	73	359	576	92	210
171	1	73	378	590	69	192
176	1	73	476	639	99	216
176	2	56	34	287	9	265
177	1	73	496	637	115	247
177	2	56	46	300	18	277
178	1	73	515	639	125	246
178	2	56	52	297	23	281
179	1	73	517	639	126	249
179	2	56	44	312	40	313
180	1	73	511	639	131	257
180	2	56	35	322	50	307
181	1	73	506	639	125	251
181	2	56	12	317	48	312
182	1	73	504	637	116	241
183	1	73	504	638	109	235
184	1	73	507	638	112	241
185	1	73	504	636	112	243
185	2	56	0	359	11	470
186	1	73	494	635	111	250
187	1	73	485	634	111	249
187	2	56	10	323	91	461
188	1	73	481	635	106	251
188	2	56	38	318	105	457
189	1	73	480	635	103	255
189	2	56	21	324	115	460
190	1	73	475	636	100	260
191	1	73	474	636	99	265
192	1	73	462	637	108	257
193	1	73	453	638	96	262
194	1	73	451	639	102	265
195	1	73	442	632	115	276
195	2	63	5	175	8	146
196	1	73	438	631	112	281
196	2	63	3	162	0	134
197	1	73	428	630	124	285
197	2	63	3	154	10	155
198	1	73	419	623	146	299
198	2	63	3	153	4	172
199	1	73	419	626	149	309
199	2	63	3	155	0	182
200	1	73	415	618	169	314
200	2	63	1	154	0	199
201	1	73	408	612	181	334
201	2	63	1	154	0	217
202	1	73	410	610	201	343
202	2	63	1	164	9	239
203	1	73	416	612	208	353
203	2	63	3	172	15	247
204	1	73	420	618	221	358
204	2	63	3	176	45	259
205	1	73	423	620	223	359
205	2	63	4	179	57	257
205	3	63	124	326	0	158
206	1	73	427	618	228	361
206	2	63	12	193	70	284
207	1	73	424	615	237	366
207	2	63	2	186	91	297
207	3	63	105	328	0	171
208	1	73	417	607	242	366
208	2	63	4	177	100	306
208	3	63	94	324	0	172
209	1	73	413	596	246	365
209	2	63	1	169	106	305
209	3	63	73	299	5	179
210	1	73	409	591	236	362
210	2	64	289	330	49	89
210	3	63	66	295	6	177
210	4	63	0	164	117	286
210	5	41	457	508	0	75
211	1	73	395	573	233	360
211	2	64	276	318	48	90
211	3	63	1	150	111	335
211	4	63	45	290	5	167
212	1	73	381	561	240	359
212	2	73	499	606	68	146
212	3	64	258	299	52	91
212	4	63	3	130	122	331
212	5	63	33	282	7	169
213	1	73	378	537	240	354
213	2	64	245	287	57	95
213	3	63	0	122	126	331
213	4	63	8	263	3	192
214	1	73	374	536	238	355
214	2	63	10	261	10	201
214	3	63	0	120	120	333
214	4	60	29	611	13	462
215	1	73	392	551	246	357
215	2	64	242	283	60	102
215	3	63	3	128	134	328
216	1	73	421	607	237	357
216	2	63	2	167	133	345
217	1	1	282	454	140	273
220	1	63	187	341	135	272
220	2	63	213	454	3	210
221	1	63	204	376	153	321
222	1	63	285	548	11	210
222	2	63	247	409	167	316
222	3	63	242	400	234	358
223	1	63	271	433	168	382
223	2	63	320	576	14	250
224	1	63	255	450	187	412
224	2	63	343	603	38	270
224	3	62	1	71	164	348
225	1	66	18	160	312	442
225	2	63	351	611	61	289
225	3	63	285	449	210	431
225	4	62	2	75	179	372
226	1	66	17	169	320	453
226	2	63	273	470	221	458
226	3	63	358	616	80	311
226	4	62	2	83	184	378
227	1	63	35	177	331	461
227	2	63	290	475	250	459
227	3	63	373	627	98	345
227	4	63	397	468	56	119
227	5	62	0	91	211	394
228	1	66	42	183	326	460
228	2	63	304	494	232	472
228	3	63	389	635	93	318
228	4	63	402	469	58	120
228	5	62	0	106	212	388
229	1	66	46	199	336	465
229	2	63	304	497	245	466
229	3	63	401	632	108	356
229	4	63	420	489	63	123
229	5	63	481	639	30	135
229	6	62	0	110	216	394
230	1	63	50	199	355	474
230	2	63	305	502	259	479
230	3	63	404	634	113	356
230	4	63	421	495	67	131
230	5	63	492	639	31	139
230	6	62	1	110	219	391
231	1	67	296	358	216	255
231	2	63	48	200	358	476
231	3	63	299	507	265	479
231	4	63	403	636	117	360
231	5	63	426	497	78	146
231	6	62	0	111	226	415
232	1	67	294	358	230	266
232	2	66	41	190	361	479
232	3	63	322	498	282	479
232	4	63	409	633	154	314
232	5	63	501	637	68	149
232	6	63	426	496	89	154
232	7	62	0	109	237	419
233	1	67	295	358	235	278
233	2	66	43	183	385	477
233	3	63	334	505	303	464
233	4	63	408	635	164	332
233	5	63	427	496	103	171
233	6	62	1	109	244	421
234	1	66	44	191	403	478
234	2	63	341	519	326	473
234	3	63	417	639	177	411
234	4	63	433	512	118	190
234	5	63	506	633	106	188
234	6	62	0	113	263	440
235	1	66	57	197	402	479
235	2	63	342	530	329	476
235	3	63	422	639	180	427
235	4	63	440	514	129	193
235	5	63	510	635	116	194
235	6	62	0	118	265	444
236	1	67	311	380	263	305
236	2	63	372	545	335	471
236	3	63	428	638	191	358
236	4	63	449	521	130	194
236	5	63	521	638	113	195
236	6	62	0	131	265	471
237	1	67	326	392	272	315
237	2	66	68	217	417	478
237	3	63	381	553	350	479
237	4	63	458	540	136	201
237	5	63	530	639	116	201
237	6	63	435	631	200	355
237	7	62	1	143	281	465
238	1	63	395	562	355	477
238	2	63	470	549	141	203
238	3	63	453	639	203	359
238	4	63	545	639	121	203
238	5	62	4	148	283	472
239	1	63	396	574	353	479
239	2	63	470	635	203	362
239	3	63	485	560	142	202
239	4	62	4	156	285	470
240	1	67	354	428	272	313
240	2	66	108	250	409	479
240	3	63	412	599	350	479
240	4	63	481	635	199	356
240	5	63	502	572	137	197
240	6	63	577	639	117	198
240	7	62	4	166	270	474
241	1	67	360	431	272	314
241	2	66	114	257	408	479
241	3	63	418	598	350	479
241	4	63	484	635	199	358
241	5	63	504	593	125	199
241	6	63	581	639	118	198
241	7	62	3	176	267	474
242	1	63	419	601	352	479
242	2	63	488	637	197	357
242	3	63	509	601	127	199
242	4	63	119	261	408	479
242	5	56	594	639	120	198
242	6	62	4	178	268	473
243	1	67	370	444	274	314
243	2	66	120	257	404	479
243	3	63	421	603	353	479
243	4	63	490	637	194	358
243	5	63	515	601	130	197
243	6	63	597	639	120	196
243	7	62	2	181	265	469
244	1	67	374	449	275	315
244	2	66	123	263	407	479
244	3	63	431	612	351	479
244	4	63	509	636	187	363
244	5	63	526	615	135	202
244	6	63	601	639	122	198
244	7	62	1	185	270	465
245	1	63	517	635	188	361
245	2	63	437	627	345	470
245	3	63	531	629	122	200
245	4	63	129	273	408	479
245	5	62	7	198	270	467
246	1	63	528	637	198	360
246	2	63	543	631	139	207
246	3	63	451	637	354	479
246	4	62	12	206	277	461
247	1	67	398	471	288	329
247	2	66	138	276	414	479
247	3	63	556	639	148	214
247	4	63	533	639	202	365
247	5	63	455	635	355	479
247	6	62	5	207	273	465
248	1	63	530	638	213	382
248	2	63	553	636	143	221
248	3	63	437	625	360	479
248	4	62	9	200	276	467
249	1	63	517	634	213	396
249	2	63	424	605	381	474
249	3	63	543	624	163	235
249	4	62	10	197	284	470
250	1	63	516	634	234	415
250	2	63	536	624	172	250
250	3	63	427	609	389	476
250	4	63	611	639	173	250
250	5	62	3	184	287	476
251	1	67	388	461	320	362
251	2	63	523	636	240	415
251	3	63	440	625	389	478
251	4	63	549	638	181	260
251	5	62	10	199	294	472
252	1	63	535	637	240	409
252	2	63	436	627	388	478
252	3	63	557	638	189	251
252	4	62	5	205	287	470
253	1	63	536	638	239	404
253	2	63	561	637	184	251
253	3	63	444	626	383	478
253	4	62	7	209	286	468
254	1	63	535	639	225	392
254	2	63	460	631	381	476
254	3	63	568	635	177	245
254	4	62	9	216	290	467
255	1	63	554	637	224	391
255	2	63	470	632	376	478
255	3	62	6	242	274	471
256	1	67	435	507	296	338
256	2	63	574	639	220	383
256	3	63	486	632	364	479
256	4	62	18	258	270	471
257	1	63	509	631	361	479
257	2	63	583	639	200	367
257	3	62	48	261	279	463
258	1	63	516	631	361	479
258	2	62	66	269	263	446
259	1	63	516	634	357	479
259	2	62	84	280	256	442
260	1	63	537	638	361	474
260	2	62	96	287	256	438
261	1	63	550	637	359	478
261	2	63	235	402	380	478
261	3	62	105	306	253	422
262	1	63	560	636	358	477
262	2	62	115	314	246	420
263	1	62	135	321	243	424
263	2	62	571	639	362	479
264	1	62	143	331	247	425
265	1	62	156	347	265	419
266	1	67	554	635	302	352
266	2	66	281	412	408	479
266	3	62	164	351	267	422
267	1	62	165	353	273	421
268	1	62	163	352	271	417
269	1	62	159	350	271	415
270	1	66	276	402	402	479
270	2	62	161	353	266	410
271	1	66	274	401	387	470
271	2	62	156	351	260	400
272	1	66	273	394	383	462
272	2	62	158	344	251	389
273	1	67	537	627	272	325
273	2	66	269	389	367	445
273	3	62	160	340	236	374
274	1	66	259	388	359	439
274	2	63	533	639	356	476
274	3	62	153	328	223	381
275	1	66	257	387	358	429
275	2	63	499	631	351	479
275	3	62	147	324	218	377
276	1	66	255	376	343	422
276	2	65	525	600	252	293
276	3	63	489	637	336	470
276	4	62	144	319	210	374
277	1	66	248	368	338	418
277	2	63	487	639	321	470
277	3	62	135	312	206	365
278	1	66	234	363	333	413
278	2	63	486	635	308	465
278	3	62	113	311	204	360
279	1	66	225	343	314	397
279	2	63	413	639	302	469
279	3	62	101	300	195	346
280	1	66	211	335	306	381
280	2	63	407	638	273	479
280	3	62	85	285	173	333
281	1	66	195	317	289	374
281	2	63	402	639	262	475
281	3	62	66	267	165	324
281	4	62	605	639	118	287
282	1	66	420	617	338	465
282	2	63	390	639	240	474
282	3	62	45	263	155	318
283	1	66	165	288	261	345
283	2	66	409	591	326	449
283	3	63	382	624	228	464
283	4	62	23	240	131	308
284	1	66	148	268	256	337
284	2	66	387	551	315	425
284	3	63	350	604	200	455
284	4	62	12	221	134	306
285	1	66	361	544	295	407
285	2	63	330	584	192	418
285	3	63	515	639	47	267
285	4	62	10	202	118	281
286	1	66	340	501	283	391
286	2	63	299	554	181	402
286	3	63	485	636	33	254
286	4	62	3	165	103	292
287	1	66	303	472	267	370
287	2	63	284	531	156	395
287	3	63	290	482	241	370
287	4	62	2	150	91	274
288	1	66	286	458	238	361
288	2	63	252	481	149	365
288	3	62	0	114	84	264
289	1	63	263	444	144	350
290	1	63	204	421	122	355
291	1	63	164	391	117	340
292	1	63	194	353	122	333
292	2	63	290	548	5	205
293	1	63	278	495	1	172
293	2	63	173	334	150	313
294	1	63	154	314	105	310
294	2	63	255	473	4	172
295	1	67	125	198	56	97
295	2	63	110	310	91	318
295	3	63	238	462	3	179
296	1	63	103	306	86	313
296	2	63	224	448	0	178
296	3	56	44	184	418	476
297	1	63	103	303	80	307
297	2	63	218	450	0	171
297	3	56	33	223	413	477
298	1	63	207	434	0	172
298	2	63	116	292	84	301
298	3	56	42	188	412	478
299	1	63	95	281	83	298
299	2	63	199	428	0	168
300	1	64	90	162	37	80
300	2	63	100	278	74	293
300	3	63	200	428	0	162
301	1	63	76	283	61	282
301	2	63	199	428	0	133
302	1	73	553	637	176	332
302	2	63	197	423	0	135
302	3	63	70	274	58	284
303	1	73	536	639	175	328
303	2	66	258	401	79	133
303	3	63	74	274	47	275
303	4	63	198	415	0	130
304	1	73	536	639	176	326
304	2	66	255	400	77	129
304	3	63	72	274	47	268
304	4	63	206	412	0	129
305	1	73	533	637	179	321
305	2	66	253	401	72	125
305	3	63	69	273	41	264
305	4	63	208	410	0	127
306	1	73	521	639	173	308
306	2	63	79	263	46	256
306	3	63	211	409	0	125
307	1	73	513	639	167	315
307	2	66	247	406	72	119
307	3	63	74	262	43	254
307	4	63	217	405	0	126
308	1	73	503	639	158	321
308	2	63	62	254	41	259
308	3	63	200	410	1	107
309	1	73	493	639	177	322
309	2	66	239	381	75	128
309	3	63	61	249	45	253
309	4	63	225	387	9	140
310	1	73	487	635	185	323
310	2	66	238	377	82	130
310	3	64	387	430	134	168
310	4	63	41	245	53	252
310	5	63	221	386	6	140
311	1	73	471	635	186	323
311	2	63	38	240	54	252
311	3	63	190	379	0	148
312	1	73	465	629	188	324
312	2	63	42	237	52	249
312	3	63	197	370	0	147
313	1	73	445	629	191	324
313	2	63	34	230	53	245
313	3	63	195	370	0	148
314	1	73	433	633	195	346
314	2	66	214	357	86	133
314	3	63	29	221	51	246
314	4	63	191	357	0	151
315	1	73	417	622	210	349
315	2	66	209	351	86	137
315	3	66	529	639	90	266
315	4	63	26	217	55	241
315	5	63	183	353	0	155
316	1	73	411	610	220	350
316	2	66	204	353	86	137
316	3	63	23	214	51	240
316	4	63	180	350	0	156
317	1	73	400	603	228	354
317	2	66	202	355	92	147
317	3	63	26	214	54	240
317	4	63	184	348	0	158
318	1	73	397	595	236	357
318	2	66	204	350	92	149
318	3	64	336	372	159	194
318	4	63	28	213	54	239
318	5	63	188	345	0	158
318	6	62	184	350	0	123
319	1	73	389	571	242	355
319	2	66	202	349	92	152
319	3	64	337	369	164	195
319	4	63	29	212	53	237
319	5	63	190	346	2	161
320	1	73	380	566	251	354
320	2	66	204	350	91	155
320	3	63	33	213	53	236
320	4	63	188	345	0	166
321	1	73	379	553	261	356
321	2	63	34	217	51	239
321	3	63	189	360	0	171
322	1	73	381	545	269	363
322	2	63	40	224	54	236
322	3	63	195	368	0	169
323	1	73	378	543	268	365
323	2	63	49	232	56	233
323	3	63	203	369	0	165
323	4	56	0	211	211	469
324	1	73	380	537	270	366
324	2	63	63	242	47	232
324	3	63	228	375	0	170
324	4	56	0	211	215	470
325	1	73	373	536	274	366
325	2	63	76	249	47	230
325	3	63	236	384	0	176
325	4	56	2	208	215	465
326	1	63	80	253	48	223
326	2	63	239	387	0	176
326	3	56	3	204	211	461
327	1	63	78	255	48	221
327	2	63	242	386	0	176
327	3	56	0	207	215	461
328	1	63	85	261	46	228
328	2	63	239	386	0	178
328	3	56	1	186	204	464
329	1	63	98	268	51	229
329	2	63	248	391	0	179
329	3	62	262	392	0	165
329	4	56	6	181	194	464
330	1	73	354	516	298	392
330	2	63	105	278	60	236
330	3	56	9	195	200	461
331	1	73	354	509	308	402
331	2	63	122	280	69	239
331	3	62	1	60	2	104
331	4	56	2	187	220	465
332	1	73	488	637	259	404
332	2	63	121	281	77	244
332	3	62	274	406	0	207
332	4	62	2	66	3	111
332	5	56	5	178	211	464
333	1	73	487	636	281	414
333	2	73	334	503	331	434
333	3	63	126	282	94	254
333	4	62	292	406	0	212
333	5	56	4	177	213	466
334	1	63	126	286	98	260
334	2	62	2	84	1	125
334	3	62	292	409	0	215
334	4	56	7	169	235	471
335	1	73	480	639	303	440
335	2	73	322	495	349	453
335	3	63	131	289	105	262
335	4	62	297	413	0	217
335	5	62	0	93	5	122
335	6	56	6	165	238	469
336	1	73	476	639	308	454
336	2	63	136	292	112	266
336	3	62	301	419	9	234
336	4	62	0	106	3	141
336	5	62	428	577	0	150
336	6	56	5	159	238	468
337	1	63	134	294	112	270
337	2	63	467	639	318	454
337	3	62	305	417	14	234
337	4	62	0	109	5	140
337	5	62	433	582	0	171
337	6	56	0	151	239	470
338	1	66	284	390	164	236
338	2	63	136	292	114	267
338	3	63	457	637	324	460
338	4	62	306	417	14	234
338	5	62	436	587	0	172
338	6	62	0	114	5	141
338	7	56	0	129	245	459
339	1	73	299	457	367	468
339	2	73	452	639	319	465
339	3	63	138	291	114	266
339	4	62	435	587	0	174
339	5	62	4	120	4	126
339	6	62	311	413	15	236
339	7	56	0	129	242	458
340	1	73	434	638	331	469
340	2	73	277	440	375	468
340	3	63	136	288	118	266
340	4	62	439	585	0	180
340	5	62	312	411	13	242
340	6	62	3	122	4	125
340	7	56	0	127	241	458
341	1	73	266	437	373	470
341	2	66	281	392	165	245
341	3	63	137	286	117	266
341	4	62	439	585	0	180
341	5	62	3	127	4	124
341	6	62	315	409	13	245
342	1	73	428	632	344	468
342	2	73	261	437	375	475
342	3	66	281	391	164	248
342	4	63	140	285	117	269
342	5	62	4	128	3	125
342	6	62	443	586	0	183
342	7	62	321	402	15	239
342	8	56	0	126	240	455
343	1	73	427	631	360	476
343	2	73	257	424	378	471
343	3	63	147	290	120	280
343	4	62	449	594	0	183
343	5	62	4	144	6	138
343	6	62	321	406	17	240
343	7	56	0	125	255	457
344	1	73	434	627	360	479
344	2	63	163	301	128	279
344	3	62	4	158	14	144
344	4	62	452	602	0	184
344	5	56	3	147	257	446
345	1	73	437	619	381	479
345	2	63	167	316	131	284
345	3	62	13	163	21	144
345	4	62	458	610	3	185
345	5	56	7	151	260	448
346	1	63	176	319	157	289
346	2	62	16	171	29	151
346	3	62	466	609	16	195
346	4	56	7	154	277	470
347	1	63	170	314	165	306
347	2	62	28	188	43	168
347	3	62	466	600	29	226
347	4	56	6	151	291	467
348	1	66	103	195	172	218
348	2	63	178	317	177	311
348	3	62	37	189	53	171
348	4	62	470	602	32	240
348	5	56	5	128	293	469
349	1	63	177	319	193	325
349	2	62	51	198	72	178
349	3	62	473	600	51	266
349	4	56	6	145	303	468
350	1	63	180	320	203	335
350	2	63	117	208	197	244
350	3	62	67	205	91	189
350	4	62	485	613	81	283
350	5	56	5	145	314	468
351	1	63	189	319	211	354
351	2	62	76	215	106	192
351	3	62	491	612	102	294
351	4	56	12	146	324	471
352	1	66	138	226	221	255
352	2	63	194	326	227	362
352	3	62	88	225	119	206
352	4	62	492	618	104	312
352	5	56	13	146	335	470
353	1	63	196	334	227	371
353	2	63	112	236	130	217
353	3	62	493	626	122	329
353	4	62	105	233	127	215
353	5	56	14	154	334	472
354	1	63	204	345	244	373
354	2	62	503	636	126	338
354	3	62	118	248	139	223
354	4	56	15	164	341	469
355	1	63	210	358	257	374
355	2	63	137	261	149	237
355	3	63	173	250	243	277
355	4	62	134	253	147	226
355	5	56	30	176	341	469
356	1	63	210	369	251	370
356	2	62	143	265	145	226
356	3	62	517	635	134	367
356	4	56	43	180	343	469
357	1	63	220	363	240	368
357	2	62	158	273	139	219
357	3	56	56	170	329	479
358	1	66	188	276	227	254
358	2	63	227	369	235	348
358	3	62	160	278	130	212
358	4	56	55	168	313	478
359	1	63	221	355	225	342
359	2	63	185	275	218	246
359	3	62	517	633	114	332
359	4	62	161	275	122	197
359	5	56	49	166	306	477
360	1	66	199	271	212	240
360	2	63	224	355	216	330
360	3	62	164	274	118	192
360	4	62	517	634	113	326
360	5	56	53	164	292	453
360	6	39	437	466	187	311
361	1	62	518	632	97	303
361	2	56	59	172	274	423
362	1	66	211	291	174	200
362	2	63	245	359	164	297
362	3	63	182	297	77	160
362	4	62	183	294	72	155
362	5	56	71	183	247	395
363	1	66	214	297	157	180
363	2	63	244	363	148	269
363	3	62	186	301	56	139
363	4	56	75	186	232	370
364	1	73	300	470	368	476
364	2	63	245	363	133	248
364	3	62	190	307	36	114
364	4	56	77	186	205	338
365	1	73	287	466	342	466
365	2	63	242	359	100	218
365	3	62	189	307	7	91
365	4	56	77	182	178	313
366	1	73	262	462	326	447
366	2	66	210	301	88	117
366	3	63	240	357	89	204
366	4	62	190	307	5	69
366	5	56	62	175	163	294
367	1	73	259	420	307	408
367	2	73	466	633	320	419
367	3	66	208	292	76	102
367	4	63	231	338	74	187
367	5	62	184	300	4	54
367	6	56	56	169	145	275
368	1	73	250	416	292	400
368	2	66	221	332	68	174
368	3	63	224	333	50	173
368	4	56	51	162	129	260
369	1	73	228	412	277	379
369	2	73	421	611	289	387
369	3	66	196	283	43	71
369	4	63	215	331	42	157
369	5	56	44	157	121	247
370	1	73	216	392	266	371
370	2	73	409	589	277	373
370	3	66	192	280	32	57
370	4	63	208	320	28	148
370	5	56	35	148	105	236
371	1	73	212	369	254	358
371	2	73	578	635	62	150
371	3	73	389	566	254	359
371	4	63	201	312	20	132
371	5	56	27	142	91	222
372	1	73	574	634	58	139
372	2	73	191	362	241	347
372	3	73	111	227	215	299
372	4	73	379	557	251	354
372	5	63	182	274	10	40
372	6	63	196	307	15	124
372	7	56	23	136	82	215
373	1	73	177	346	228	332
373	2	73	574	634	38	125
373	3	73	361	545	235	339
373	4	73	105	215	206	299
373	5	63	187	297	6	115
373	6	56	13	128	66	204
374	1	73	167	336	214	322
374	2	73	347	525	228	331
374	3	73	95	207	193	271
374	4	73	574	634	34	117
374	5	63	185	295	0	106
374	6	56	9	127	53	195
375	1	73	148	330	196	307
375	2	73	345	508	217	318
375	3	73	87	193	178	268
375	4	66	181	294	0	93
375	5	63	182	292	0	89
375	6	56	10	126	38	175
376	1	73	157	322	177	280
376	2	73	327	511	193	297
376	3	73	84	186	156	243
376	4	56	11	126	19	149
377	1	73	327	506	173	282
377	2	73	147	329	146	264
378	1	73	146	323	132	252
378	2	73	327	492	166	276
379	1	73	318	500	135	251
379	2	73	144	322	113	227
380	1	73	305	498	118	238
382	1	73	275	461	75	196
384	1	73	262	449	34	174
385	1	73	263	458	24	165
386	1	73	264	450	17	152
387	1	73	259	445	19	149
398	1	73	247	413	29	146
399	1	73	236	403	26	146
402	1	73	218	362	34	164
404	1	60	93	639	32	444
405	1	64	568	622	29	76
406	1	64	541	599	46	92
407	1	73	75	185	38	125
407	2	73	134	279	119	239
407	3	64	531	583	74	117
408	1	66	527	639	108	252
408	2	64	516	573	92	136
409	1	66	509	639	118	270
409	2	64	501	564	106	146
409	3	62	444	621	5	136
410	1	66	485	639	129	276
410	2	64	487	551	123	165
410	3	64	241	288	73	104
410	4	62	437	624	0	151
411	1	62	416	621	8	170
412	1	66	462	636	170	305
412	2	62	402	565	3	187
413	1	66	458	634	179	312
413	2	62	386	556	2	194
413	3	56	111	225	33	112
414	1	66	428	622	181	330
414	2	62	302	539	0	217
415	1	66	414	620	204	341
415	2	66	582	639	196	271
415	3	62	342	519	5	238
415	4	62	229	406	9	181
415	5	56	88	202	81	161
416	1	66	409	600	218	346
416	2	63	510	634	32	166
416	3	62	341	499	8	248
416	4	56	83	193	100	177
416	5	41	282	367	264	381
417	1	66	368	588	229	367
417	2	63	485	629	50	194
417	3	62	262	478	29	265
417	4	62	213	355	38	224
417	5	56	60	178	117	197
417	6	41	257	346	279	403
418	1	66	367	546	258	380
418	2	64	494	548	196	224
418	3	62	294	449	46	296
418	4	62	184	335	63	222
418	5	62	460	600	65	207
418	6	56	38	164	139	217
419	1	66	345	524	265	373
419	2	63	285	379	31	91
419	3	62	216	432	56	295
419	4	62	435	588	76	208
419	5	56	16	148	153	235
420	1	66	323	494	268	386
420	2	63	270	354	42	107
420	3	62	241	402	82	297
420	4	62	412	547	84	217
420	5	56	0	116	162	253
421	1	66	294	477	269	394
421	2	62	140	383	93	301
421	3	62	389	523	96	225
422	1	66	274	456	278	396
422	2	62	82	361	92	303
422	3	62	363	499	99	240
422	4	41	138	230	333	459
423	1	62	341	472	105	236
423	2	62	86	336	103	315
424	1	62	29	301	107	337
424	2	62	304	441	112	245
425	1	66	181	358	283	418
425	2	62	2	265	112	340
425	3	62	265	403	115	251
426	1	62	5	240	120	347
426	2	62	247	372	122	251
427	1	66	134	295	314	426
427	2	62	0	213	126	356
427	3	62	207	345	127	258
428	1	77	395	639	270	476
428	2	66	98	266	307	442
428	3	62	8	175	135	363
428	4	62	192	314	132	264
429	1	77	384	639	268	473
429	2	66	86	255	309	456
429	3	62	0	162	138	413
429	4	62	159	294	137	272
430	1	77	378	637	276	473
430	2	66	71	238	323	467
430	3	62	1	149	150	413
430	4	62	143	283	147	275
431	1	77	359	639	281	470
431	2	66	41	236	321	479
431	3	62	0	131	162	390
431	4	62	117	263	148	294
432	1	77	328	639	278	476
432	2	66	33	229	327	479
432	3	64	189	265	325	362
432	4	62	108	248	164	309
432	5	62	0	114	182	416
432	6	39	557	595	213	288
433	1	77	319	639	280	473
433	2	66	34	203	354	476
433	3	62	1	109	187	412
433	4	62	99	241	171	315
433	5	39	556	585	216	295
434	1	77	318	639	282	474
434	2	66	27	201	363	472
434	3	62	80	234	176	316
434	4	62	0	91	185	417
435	1	77	358	639	288	469
435	2	66	29	192	366	479
435	3	62	1	79	192	415
435	4	62	60	224	186	319
435	5	39	530	559	224	299
436	1	77	356	639	290	469
436	2	66	30	179	367	477
436	3	62	2	77	197	408
436	4	62	62	219	188	319
436	5	39	528	557	221	301
437	1	77	322	639	283	474
437	2	66	32	181	362	477
437	3	62	1	78	189	409
437	4	62	64	219	182	317
437	5	39	532	560	218	291
438	1	77	324	639	281	470
438	2	66	30	189	356	474
438	3	62	1	85	184	414
438	4	62	60	224	176	315
438	5	39	533	568	210	281
439	1	77	319	639	275	471
439	2	66	31	199	355	475
439	3	64	174	256	329	363
439	4	62	0	94	177	426
439	5	62	67	239	168	309
440	1	77	360	639	273	473
440	2	67	278	352	207	237
440	3	66	24	231	322	479
440	4	62	2	110	182	419
440	5	62	93	246	159	307
441	1	77	379	638	266	476
441	2	66	51	231	328	479
441	3	64	201	282	313	345
441	4	62	0	129	172	421
441	5	62	107	259	149	303
442	1	77	385	639	261	476
442	2	66	75	245	324	471
442	3	62	0	141	156	400
442	4	62	125	276	145	274
443	1	77	392	639	263	478
443	2	66	83	254	312	465
443	3	62	2	149	149	419
443	4	62	132	287	135	275
444	1	77	406	639	268	471
444	2	66	109	264	307	457
444	3	62	1	164	143	404
444	4	62	147	298	127	271
445	1	77	414	639	268	468
445	2	66	127	275	304	434
445	3	62	5	176	124	379
446	1	77	419	639	270	469
446	2	66	127	313	276	436
446	3	62	5	201	117	359
446	4	62	199	336	107	255
447	1	66	139	319	275	426
447	2	62	0	216	101	349
447	3	62	206	350	98	253
448	1	66	156	326	270	416
448	2	62	6	236	94	346
448	3	62	233	376	101	222
449	1	66	179	345	268	411
449	2	62	15	258	94	324
449	3	62	252	394	95	223
450	1	66	190	371	262	397
450	2	64	300	345	249	268
450	3	62	0	274	79	315
450	4	62	282	420	91	222
451	1	66	218	383	262	386
451	2	62	59	299	68	301
451	3	62	302	444	81	221
452	1	66	224	403	263	376
452	2	62	34	316	60	293
452	3	62	333	466	84	214
453	1	66	239	423	232	386
453	2	64	352	398	235	259
453	3	62	130	338	50	294
453	4	62	353	494	79	215
454	1	66	245	434	231	378
454	2	62	144	371	58	258
454	3	62	380	515	77	214
455	1	66	263	436	232	371
455	2	62	164	390	36	247
455	3	62	395	539	65	215
455	4	62	105	307	13	151
456	1	66	267	449	232	371
456	2	62	209	405	48	229
456	3	62	413	583	71	221
456	4	56	1	130	50	111
457	1	66	297	507	238	371
457	2	62	204	442	28	245
457	3	62	442	613	68	227
457	4	56	15	161	43	103
458	1	62	235	472	25	245
459	1	62	248	498	24	248
460	1	62	276	538	33	246
461	1	62	297	567	29	256
462	1	73	52	154	232	314
462	2	65	57	167	403	477
462	3	62	321	605	40	250
462	4	56	170	287	54	109
463	1	66	406	622	265	403
463	2	62	328	622	33	252
463	3	56	181	297	51	105
464	1	73	64	167	216	301
464	2	66	414	629	271	399
464	3	65	63	168	388	479
464	4	62	340	627	27	253
464	5	56	196	308	42	99
465	1	73	73	178	215	297
465	2	66	420	629	257	405
465	3	62	358	639	31	247
465	4	56	203	321	43	96
466	1	66	459	633	264	394
466	2	65	85	188	378	479
466	3	62	373	639	20	248
467	1	66	463	639	261	406
467	2	65	94	195	376	479
467	3	62	389	639	15	250
468	1	73	107	212	203	285
468	2	73	370	577	323	470
468	3	66	467	639	271	400
468	4	62	415	635	12	252
468	5	56	245	362	27	84
469	1	73	103	209	192	272
469	2	66	465	639	266	395
469	3	62	409	638	5	245
469	4	56	249	366	18	74
470	1	73	92	198	185	263
470	2	66	460	638	264	389
470	3	62	404	637	4	242
470	4	56	244	364	9	66
471	1	73	87	190	180	261
471	2	73	74	204	99	167
471	3	73	357	556	316	472
471	4	66	453	639	265	384
471	5	62	396	636	4	215
471	6	56	241	359	6	62
472	1	73	84	189	172	252
472	2	73	69	196	93	162
472	3	66	451	639	260	377
472	4	62	399	639	5	210
473	1	73	78	184	169	254
473	2	66	448	639	241	369
473	3	62	399	639	0	212
474	1	73	76	181	167	258
474	2	66	448	639	243	369
474	3	62	395	639	1	213
475	1	66	437	638	240	371
475	2	62	395	639	0	216
475	3	41	387	440	191	251
476	1	73	65	169	179	260
476	2	73	53	182	95	167
476	3	66	438	637	229	372
476	4	62	387	639	0	209
477	1	73	54	166	180	264
477	2	73	52	173	99	167
477	3	66	433	636	226	376
477	4	62	381	639	0	214
478	1	73	43	167	112	182
478	2	66	429	634	231	372
478	3	62	363	639	0	212
479	1	73	37	150	189	281
479	2	66	424	632	217	378
479	3	62	364	635	6	242
479	4	41	359	410	196	257
480	1	73	36	140	200	287
480	2	66	415	634	216	382
480	3	65	6	107	384	479
480	4	62	354	639	1	215
480	5	56	208	313	3	68
480	6	41	350	400	205	261
481	1	73	27	132	200	287
481	2	66	407	633	218	384
481	3	65	1	90	385	474
481	4	62	347	622	0	248
481	5	56	206	309	2	72
481	6	41	346	397	201	265
482	1	66	395	629	207	382
482	2	62	326	625	0	216
482	3	41	333	385	200	261
483	1	73	6	113	199	288
483	2	66	389	632	215	389
483	3	62	314	625	0	213
483	4	41	322	377	202	263
484	1	66	388	627	215	390
484	2	64	588	639	206	252
484	3	62	312	618	0	214
484	4	56	192	288	2	67
484	5	41	320	373	199	264
485	1	66	375	620	209	386
485	2	62	306	619	0	211
486	1	66	369	622	210	385
486	2	64	570	633	198	238
486	3	62	296	617	0	208
486	4	41	298	354	191	260
487	1	67	12	98	108	185
487	2	66	339	629	189	378
487	3	64	564	629	194	233
487	4	62	280	617	0	202
487	5	41	288	343	189	255
488	1	66	345	614	211	376
488	2	64	556	627	192	232
488	3	62	275	589	0	202
488	4	62	585	637	0	166
488	5	41	280	336	185	252
489	1	66	327	632	193	380
489	2	64	557	628	191	231
489	3	62	268	591	0	202
489	4	62	585	638	0	168
489	5	41	278	331	185	252
490	1	66	326	628	188	378
490	2	64	560	627	186	227
490	3	62	264	585	0	195
490	4	41	276	330	184	251
491	1	66	325	629	191	381
491	2	64	559	629	183	226
491	3	62	255	586	0	195
491	4	41	270	326	183	250
492	1	66	317	631	186	374
492	2	64	559	631	180	220
492	3	62	245	587	0	193
492	4	41	265	319	183	242
493	1	67	2	86	97	171
493	2	66	315	625	183	371
493	3	64	556	630	174	216
493	4	62	237	584	0	190
493	5	41	261	316	180	240
494	1	66	298	626	173	374
494	2	64	552	624	171	212
494	3	62	229	579	0	188
494	4	41	251	307	170	240
495	1	67	2	70	92	167
495	2	66	288	622	168	377
495	3	64	544	617	165	206
495	4	62	218	580	0	185
495	5	62	576	639	1	119
495	6	41	238	296	171	237
496	1	66	280	624	165	384
496	2	64	540	613	162	205
496	3	62	212	559	1	186
496	4	62	570	639	0	156
496	5	41	230	288	170	239
497	1	66	269	607	163	383
497	2	64	533	608	158	200
497	3	62	200	554	1	188
497	4	41	218	286	169	243
498	1	66	270	604	167	381
498	2	64	527	602	158	202
498	3	62	180	549	1	190
498	4	41	218	280	176	249
499	1	66	266	604	175	383
499	2	64	521	597	169	207
499	3	62	158	548	4	194
499	4	62	550	639	0	126
499	5	41	205	275	185	262
500	1	66	267	598	184	389
500	2	64	518	589	169	216
500	3	62	153	526	4	202
500	4	41	200	270	191	268
501	1	66	254	601	192	407
501	2	64	517	587	181	220
501	3	62	149	521	0	218
501	4	62	536	639	0	155
501	5	41	199	267	201	273
502	1	66	255	603	205	437
502	2	64	516	588	193	232
502	3	62	146	519	0	248
502	4	62	537	639	0	158
502	5	41	197	266	211	285
503	1	66	253	596	211	434
503	2	64	515	588	200	242
503	3	62	146	519	0	255
503	4	62	538	638	0	158
503	5	41	198	267	220	293
504	1	66	257	599	216	438
504	2	64	514	589	208	251
504	3	62	145	517	0	256
504	4	62	538	638	0	170
504	5	41	199	267	226	295
505	1	66	259	595	222	445
505	2	64	520	596	219	258
505	3	62	148	521	0	257
505	4	62	546	639	0	203
505	5	41	208	273	233	303
506	1	67	2	72	175	246
506	2	66	268	600	235	453
506	3	64	530	599	229	271
506	4	62	153	547	0	267
506	5	62	552	639	0	213
506	6	41	216	284	242	311
507	1	67	3	76	173	247
507	2	66	272	599	234	456
507	3	64	532	608	235	277
507	4	62	159	549	0	273
507	5	41	220	288	244	315
508	1	66	279	598	236	454
508	2	64	546	616	244	289
508	3	62	179	550	0	272
508	4	62	567	638	0	219
508	5	41	233	296	252	317
509	1	66	303	622	251	453
509	2	64	558	633	249	292
509	3	62	210	561	0	276
509	4	41	251	307	252	315
510	1	67	5	114	173	247
510	2	66	304	622	253	462
510	3	64	563	636	253	306
510	4	62	207	592	0	275
510	5	41	257	316	255	317
511	1	66	315	626	268	466
511	2	64	570	639	263	310
511	3	62	225	596	0	280
511	4	41	271	324	262	328
512	1	73	0	105	257	350
512	2	66	321	629	269	467
512	3	64	578	639	267	318
512	4	62	238	603	0	282
512	5	41	278	330	266	334
513	1	66	323	639	270	472
513	2	64	586	639	271	324
513	3	62	247	610	0	291
514	1	73	13	121	278	367
514	2	66	346	630	278	467
514	3	62	255	616	0	291
515	1	66	360	637	273	468
515	2	62	264	632	1	292
515	3	41	310	366	282	339
516	1	73	42	148	282	373
516	2	66	370	639	276	465
516	3	64	611	639	265	309
516	4	62	273	631	1	290
517	1	73	34	200	183	291
517	2	73	53	152	281	373
517	3	66	379	637	272	467
517	4	64	612	639	260	305
517	5	62	281	631	3	288
517	6	0	1	60	15	242
518	1	73	40	201	184	288
518	2	73	62	158	282	382
518	3	66	384	639	272	469
518	4	62	282	634	2	288
519	1	73	36	202	188	292
519	2	66	386	639	268	469
519	3	62	280	631	3	293
520	1	73	30	195	189	302
520	2	66	381	637	259	475
520	3	62	281	621	5	294
520	4	56	216	519	7	143
521	1	73	47	141	301	393
521	2	66	369	629	258	475
521	3	62	274	625	10	297
521	4	56	217	505	7	150
522	1	66	356	615	261	472
522	2	62	265	584	18	293
522	3	56	165	487	7	145
523	1	66	353	620	262	470
523	2	62	266	554	29	317
523	3	62	563	638	63	241
523	4	56	179	474	16	159
524	1	73	0	150	213	333
524	2	73	16	124	308	437
524	3	66	351	621	281	467
524	4	64	533	595	273	309
524	5	62	259	552	52	314
524	6	56	178	462	26	173
525	1	73	21	120	329	430
525	2	73	5	142	221	334
525	3	66	348	618	281	465
525	4	64	527	585	274	309
525	5	62	255	547	63	320
525	6	62	549	639	84	267
525	7	56	160	401	26	174
525	8	56	174	250	90	167
525	9	41	297	349	303	363
526	1	66	361	591	291	471
526	2	63	215	423	59	213
526	3	62	254	521	67	335
527	1	66	353	575	291	472
527	2	64	505	558	283	315
527	3	56	156	409	70	203
527	4	62	250	516	79	333
527	5	62	448	544	2	61
527	6	62	523	638	104	260
528	1	66	348	563	288	472
528	2	56	174	394	80	213
528	3	62	249	507	90	329
528	4	62	432	524	2	69
528	5	62	226	388	87	261
528	6	41	279	325	318	372
529	1	66	346	554	293	473
529	2	63	179	387	90	218
529	3	62	222	382	96	249
529	4	62	253	492	114	336
529	5	62	408	515	3	76
530	1	66	334	538	298	469
530	2	64	473	525	293	327
530	3	63	212	363	99	242
530	4	56	187	380	93	220
530	5	62	251	489	118	334
530	6	62	405	505	1	89
530	7	62	218	384	96	253
530	8	62	489	635	125	280
530	9	56	113	216	111	186
530	10	56	108	322	79	186
531	1	73	307	599	281	465
531	2	64	469	519	288	320
531	3	63	208	362	88	251
531	4	63	277	382	58	108
531	5	62	399	497	3	88
531	6	62	255	482	123	330
531	7	62	219	385	92	252
531	8	62	483	635	124	279
531	9	56	106	211	109	182
532	1	66	317	530	289	451
532	2	64	462	511	271	304
532	3	63	197	368	78	224
532	4	62	474	632	114	265
532	5	62	385	488	4	70
532	6	62	263	471	112	304
532	7	56	96	206	91	165
532	8	56	31	209	4	180
533	1	66	327	543	269	444
533	2	64	461	510	267	297
533	3	63	189	371	66	210
533	4	62	378	480	3	69
533	5	62	473	634	108	259
533	6	62	272	473	106	298
533	7	56	81	204	82	159
533	8	56	25	203	4	169
534	1	66	343	558	272	432
534	2	64	467	514	257	287
534	3	63	204	370	53	202
534	4	62	478	636	103	249
534	5	62	285	473	99	296
534	6	62	378	478	0	59
534	7	62	214	383	51	198
534	8	56	93	209	75	148
534	9	56	41	210	6	161
535	1	66	353	547	270	418
535	2	63	215	366	47	202
535	3	62	301	472	91	292
535	4	62	390	478	0	48
535	5	62	488	633	87	229
535	6	56	97	213	66	142
535	7	56	45	220	6	153
536	1	66	359	552	268	413
536	2	64	486	537	247	278
536	3	63	228	400	34	181
536	4	62	311	491	80	285
536	5	62	500	635	87	229
536	6	56	101	224	63	135
537	1	66	369	571	267	417
537	2	63	242	407	39	204
537	3	63	284	420	12	63
537	4	62	324	502	82	283
537	5	62	516	636	91	256
537	6	56	117	235	60	131
538	1	66	386	583	254	410
538	2	63	251	424	32	180
538	3	63	291	423	11	56
538	4	62	346	520	69	285
538	5	56	130	239	51	126
539	1	66	399	599	247	391
539	2	63	257	423	27	173
539	3	63	298	449	2	47
539	4	62	355	541	59	254
539	5	56	134	250	40	114
540	1	66	412	601	246	395
540	2	62	349	584	50	256
540	3	56	147	264	35	109
541	1	66	425	623	215	399
541	2	63	287	460	14	165
541	3	62	387	581	54	248
541	4	56	158	274	32	109
542	1	63	300	472	7	159
542	2	62	393	612	33	248
542	3	56	171	283	26	102
543	1	66	437	630	208	410
543	2	62	401	619	35	253
543	3	62	308	499	3	165
543	4	56	182	290	31	109
544	1	66	464	632	243	399
544	2	62	402	626	48	261
544	3	62	315	502	6	171
544	4	56	185	294	32	111
545	1	66	474	626	217	386
545	2	62	408	634	43	251
545	3	56	186	300	32	110
546	1	66	477	631	217	392
546	2	63	324	510	0	165
546	3	62	428	632	22	250
546	4	56	196	302	24	102
547	1	66	479	637	248	392
547	2	63	336	517	0	164
547	3	62	448	623	35	251
547	4	56	198	305	18	95
548	1	66	482	634	225	387
548	2	63	333	521	1	163
548	3	62	448	625	36	248
548	4	56	197	304	11	87
549	1	66	481	635	218	388
549	2	63	336	520	0	155
549	3	62	451	623	33	249
549	4	56	198	304	4	77
550	1	66	486	639	216	389
550	2	63	341	522	0	152
550	3	62	451	638	34	235
550	4	62	352	544	0	153
550	5	56	199	309	2	76
551	1	66	493	639	218	391
551	2	66	336	438	110	161
551	3	63	340	516	0	153
551	4	62	453	636	33	237
551	5	62	355	543	0	156
551	6	56	197	307	1	77
552	1	73	158	263	255	356
552	2	66	479	639	245	401
552	3	63	333	518	0	155
552	4	62	455	634	35	241
552	5	56	194	305	3	76
553	1	66	484	639	246	398
553	2	63	322	526	0	158
553	3	62	454	636	33	239
553	4	56	183	298	4	87
554	1	63	318	522	0	157
554	2	62	453	622	28	249
554	3	56	172	292	6	88
555	1	63	305	508	0	154
555	2	62	451	621	21	247
555	3	62	308	513	0	119
555	4	56	158	276	8	91
556	1	73	132	271	279	391
556	2	66	491	638	212	373
556	3	63	293	479	0	151
556	4	62	440	625	8	246
556	5	56	144	265	8	94
557	1	73	118	267	280	413
557	2	66	487	635	203	381
557	3	63	291	472	4	166
557	4	62	439	622	11	242
557	5	56	130	251	13	105
558	1	73	118	264	295	417
558	2	66	489	637	212	375
558	3	64	583	632	201	232
558	4	63	290	471	3	181
558	5	62	434	619	12	247
558	6	56	128	244	24	117
559	1	66	491	638	210	377
559	2	63	280	468	2	180
559	3	62	442	604	20	247
559	4	62	586	638	12	196
559	5	56	119	239	31	120
560	1	73	128	273	310	443
560	2	66	489	638	212	378
560	3	63	275	456	0	177
560	4	62	432	610	4	250
560	5	56	109	227	35	131
561	1	73	125	279	314	454
561	2	66	489	634	210	379
561	3	62	277	449	1	189
561	4	56	103	220	40	139
562	1	73	120	293	323	470
562	2	66	492	639	208	392
562	3	63	573	639	23	177
562	4	62	422	602	3	260
562	5	62	269	439	8	198
562	6	56	94	212	52	151
563	1	73	122	289	334	478
563	2	67	319	349	427	478
563	3	66	510	638	218	388
563	4	63	570	639	27	183
563	5	62	423	599	10	269
563	6	56	92	211	65	171
564	1	73	133	299	367	471
564	2	73	208	350	317	458
564	3	63	568	639	34	184
564	4	56	94	204	77	183
565	1	66	514	639	243	412
565	2	63	567	638	54	207
565	3	62	251	429	38	237
565	4	56	88	201	100	207
566	1	63	569	639	51	218
566	2	62	333	438	0	51
566	3	62	247	433	47	251
566	4	56	92	208	121	223
567	1	63	578	639	77	241
567	2	62	340	452	2	69
567	3	62	278	427	91	278
567	4	56	101	214	138	237
568	1	62	350	453	1	90
568	2	56	110	224	150	250
569	1	66	566	639	291	463
569	2	62	355	461	9	99
569	3	62	275	451	101	293
569	4	56	117	232	163	262
570	1	63	360	465	23	118
570	2	62	360	466	20	111
570	3	56	122	234	177	276
571	1	66	268	324	220	274
571	2	63	302	462	156	325
571	3	63	266	328	219	278
571	4	62	320	444	158	338
571	5	62	469	626	142	411
571	6	62	361	469	45	134
571	7	56	124	242	195	291
572	1	66	268	327	222	276
572	2	63	266	328	221	280
572	3	62	301	468	152	328
572	4	62	361	468	52	143
572	5	62	472	631	161	396
572	6	56	125	248	200	292
573	1	66	270	334	224	274
573	2	63	355	473	50	144
573	3	62	298	473	136	331
573	4	62	365	476	51	142
573	5	62	484	636	165	394
573	6	56	129	249	196	291
574	1	66	277	342	217	268
574	2	63	297	478	131	329
574	3	63	333	479	39	150
574	4	56	134	250	192	291
574	5	0	0	86	52	354
575	1	63	333	483	122	325
575	2	63	276	345	208	265
575	3	62	339	477	128	326
575	4	63	342	477	31	141
575	5	62	373	486	43	131
575	6	62	482	639	105	391
575	7	56	136	248	181	277
575	8	0	0	88	37	362
576	1	66	277	342	197	242
576	2	63	290	473	107	293
576	3	63	348	482	18	129
576	4	62	341	467	109	310
576	5	56	132	246	165	260
576	6	0	0	91	26	330
577	1	63	299	475	96	285
577	2	63	268	340	181	238
577	3	62	367	480	10	100
577	4	62	335	473	106	291
577	5	56	125	240	155	250
577	6	0	0	88	7	304
578	1	66	268	339	164	220
578	2	63	333	485	73	280
578	3	63	266	339	157	219
578	4	62	367	480	1	88
578	5	62	336	471	81	279
578	6	56	119	234	138	231
578	7	0	0	86	17	285
579	1	73	174	364	383	479
579	2	73	282	431	326	455
579	3	63	290	472	51	247
579	4	62	472	639	36	328
579	5	62	358	473	3	61
579	6	62	327	441	61	253
579	7	56	112	236	120	217
579	8	0	0	88	0	266
580	1	73	280	428	316	437
580	2	73	180	368	377	475
580	3	66	265	333	134	181
580	4	63	321	489	33	239
580	5	63	263	330	126	189
580	6	62	477	639	29	325
580	7	56	109	227	99	198
581	1	73	171	354	359	478
581	2	73	245	412	307	459
581	3	62	327	478	31	221
581	4	56	98	220	76	175
582	1	73	157	357	321	479
582	2	62	314	442	8	197
582	3	62	467	637	1	257
582	4	56	82	206	53	157
583	1	73	158	356	311	467
583	2	62	455	551	13	242
583	3	62	300	458	0	182
583	4	56	64	205	26	143
584	1	73	137	341	293	461
584	2	56	49	196	20	128
585	1	73	10	174	202	339
585	2	56	31	182	4	117
586	1	73	126	313	263	423
587	1	62	412	553	4	151
590	1	67	326	373	301	345
591	1	66	495	600	59	200
592	1	73	60	266	224	385
592	2	65	389	529	415	479
593	1	73	55	267	220	390
593	2	66	484	590	38	181
593	3	65	390	529	410	478
594	1	73	53	255	211	376
594	2	65	384	528	384	479
595	1	66	478	582	18	156
595	2	41	379	430	75	141
596	1	73	38	244	204	367
596	2	66	475	582	16	150
596	3	65	382	528	372	479
596	4	41	377	426	69	135
597	1	65	386	523	360	473
598	1	73	35	224	175	344
599	1	73	25	220	162	328
600	1	73	16	223	151	319
602	1	73	12	208	115	298
602	2	65	366	502	289	406
603	1	73	5	208	106	280
603	2	65	351	511	273	389
604	1	73	7	208	103	275
604	2	65	343	513	265	383
605	1	73	6	208	104	270
605	2	65	352	511	259	382
606	1	73	4	209	96	269
606	2	65	356	509	258	382
607	1	73	3	210	96	271
607	2	65	352	514	260	384
608	1	73	5	209	100	271
608	2	65	350	519	259	388
609	1	73	4	210	96	269
609	2	65	352	521	260	385
610	1	73	6	214	94	269
610	2	65	354	520	261	393
611	1	73	7	210	97	269
611	2	65	351	523	261	396
612	1	73	5	208	97	274
612	2	65	346	523	266	399
613	1	73	4	205	99	277
613	2	65	357	512	278	407
614	1	73	5	203	107	281
615	1	73	4	207	109	279
616	1	73	4	210	106	281
617	1	73	1	208	114	291
618	1	73	1	212	115	293
619	1	73	0	218	115	297
619	2	66	471	573	0	72
619	3	65	359	516	299	432
620	1	73	5	221	118	298
620	2	65	362	515	302	429
621	1	73	5	221	119	300
621	2	65	363	529	300	435
622	1	73	9	223	131	311
622	2	67	282	337	189	233
622	3	65	364	531	300	438
623	1	73	10	227	133	311
623	2	65	369	529	305	440
624	1	73	8	226	143	313
626	1	73	8	226	147	314
626	2	66	477	583	0	90
626	3	65	365	533	309	450
627	1	73	8	225	146	316
627	2	66	477	580	0	93
628	1	66	476	580	0	91
628	2	65	366	532	308	451
629	1	73	8	224	145	316
629	2	65	367	532	311	453
630	1	73	9	222	143	316
630	2	66	473	579	0	92
630	3	65	360	534	308	448
631	1	73	7	221	139	314
631	2	66	469	580	1	88
631	3	65	356	521	307	441
632	1	73	7	220	140	315
632	2	65	351	521	308	445
633	1	73	6	217	141	314
633	2	65	353	518	307	445
634	1	73	8	216	141	314
634	2	65	354	516	309	447
635	1	73	7	215	143	315
635	2	65	348	518	310	444
636	1	73	7	214	142	314
636	2	65	350	516	310	444
637	1	73	7	213	143	316
637	2	65	347	515	308	446
638	1	73	5	212	145	316
638	2	65	346	516	309	445
639	1	73	4	211	144	316
639	2	65	347	515	309	445