0	1	73	21	133	258	345
0	2	73	13	153	153	258
0	3	66	340	589	334	477
0	4	64	541	598	319	364
0	5	62	295	602	72	315
0	6	62	567	639	6	86
0	7	56	6	156	6	159
0	8	0	226	354	2	122
1	1	73	24	132	252	338
1	2	66	344	590	331	474
1	3	64	548	604	314	359
1	4	63	434	518	48	115
1	5	62	298	616	66	313
1	6	56	10	158	12	152
1	7	0	235	365	2	117
2	1	73	26	135	242	330
2	2	66	346	598	326	472
2	3	64	554	612	309	352
2	4	63	520	593	52	92
2	5	62	302	619	72	303
2	6	56	7	162	10	143
2	7	56	256	354	8	102
2	8	41	299	350	281	335
2	9	0	239	367	2	112
3	1	73	26	134	238	328
3	2	73	14	160	139	236
3	3	66	349	606	316	467
3	4	64	559	617	301	347
3	5	62	308	623	59	302
3	6	56	8	161	10	137
3	7	56	252	357	7	99
3	8	41	302	349	282	330
3	9	0	243	375	0	109
4	1	73	25	137	236	325
4	2	66	346	617	315	467
4	3	64	564	626	299	346
4	4	62	314	620	51	302
4	5	56	10	160	0	126
4	6	56	266	381	3	90
4	7	0	247	386	0	100
5	1	73	26	136	236	324
5	2	66	351	616	311	466
5	3	64	572	630	297	342
5	4	62	310	628	18	290
5	5	56	8	162	0	125
5	6	56	250	360	0	94
5	7	0	247	384	0	98
6	1	73	26	137	233	321
6	2	66	355	616	314	468
6	3	64	575	634	295	342
6	4	62	320	622	40	304
6	5	56	8	161	0	124
6	6	0	250	358	0	95
7	1	73	28	139	230	318
7	2	66	361	613	306	466
7	3	64	582	639	294	341
7	4	62	318	631	18	284
7	5	56	8	163	0	124
7	6	0	249	357	0	93
8	1	73	31	140	223	314
8	2	73	47	164	140	219
8	3	66	369	627	300	459
8	4	62	324	632	16	275
8	5	56	13	165	0	123
8	6	0	253	309	2	80
9	1	73	28	142	212	305
9	2	73	14	162	108	207
9	3	66	368	629	300	453
9	4	62	324	635	18	266
9	5	56	13	168	0	114
9	6	41	321	373	252	312
9	7	0	257	311	1	72
10	1	73	23	138	208	299
10	2	66	359	639	276	465
10	3	62	322	639	8	264
10	4	56	12	172	0	111
10	5	0	251	317	2	64
11	1	73	19	134	204	291
11	2	66	362	637	276	465
11	3	62	322	639	8	263
11	4	0	252	315	2	58
12	1	73	13	127	206	291
12	2	66	365	631	293	451
12	3	62	321	639	6	264
12	4	0	247	314	0	53
13	1	73	7	128	210	297
13	2	73	4	146	98	202
13	3	66	354	639	278	464
13	4	62	320	638	10	262
14	1	73	5	125	209	301
14	2	66	358	639	277	466
14	3	62	319	639	10	263
14	4	56	6	167	0	110
14	5	0	242	307	2	58
15	1	73	6	122	208	294
15	2	66	358	639	276	465
15	3	62	315	639	5	264
15	4	56	10	168	0	102
16	1	73	5	119	206	293
16	2	66	361	638	277	464
16	3	62	320	637	1	267
17	1	73	3	117	203	292
17	2	73	2	142	96	189
17	3	66	362	639	276	466
17	4	64	612	639	263	322
17	5	62	323	635	0	272
17	6	56	0	172	3	66
17	7	41	309	370	240	304
18	1	73	2	114	191	283
18	2	73	0	140	92	186
18	3	66	358	639	275	466
18	4	64	612	639	262	323
18	5	62	319	639	0	267
18	6	41	305	370	240	304
19	1	73	0	111	187	285
19	2	66	358	639	276	467
19	3	64	611	639	261	310
19	4	62	321	635	0	268
19	5	41	301	369	237	302
20	1	66	350	627	273	465
20	2	64	611	639	260	310
20	3	62	316	633	0	266
20	4	41	304	359	235	301
21	1	73	0	95	184	288
21	2	66	348	629	277	464
21	3	62	316	631	0	264
21	4	41	301	356	233	302
22	1	73	0	93	183	288
22	2	66	349	627	278	464
22	3	62	314	631	0	264
22	4	41	300	356	233	303
23	1	73	0	93	182	287
23	2	66	351	639	269	474
23	3	62	316	631	0	262
23	4	41	293	362	233	302
24	1	66	369	636	269	474
24	2	62	320	635	0	260
24	3	41	302	371	233	302
25	1	73	0	104	179	284
25	2	66	375	637	268	472
25	3	62	329	635	0	260
25	4	41	317	377	231	300
26	1	73	0	106	178	278
26	2	66	384	639	275	470
26	3	62	330	633	0	258
26	4	41	318	386	226	297
27	1	73	0	107	179	282
27	2	66	384	639	271	472
27	3	62	334	631	0	259
27	4	41	325	385	225	296
28	1	73	0	106	179	283
28	2	66	388	639	268	473
28	3	62	335	632	0	252
28	4	41	321	390	222	297
29	1	73	0	105	179	281
29	2	66	386	639	267	472
29	3	62	336	631	0	255
29	4	41	326	388	218	295
30	1	66	384	639	232	475
30	2	62	337	631	0	255
30	3	41	319	393	213	294
31	1	73	0	93	171	269
31	2	66	378	639	235	470
31	3	62	336	636	0	252
31	4	41	317	392	207	285
32	1	73	0	91	155	267
32	2	66	379	639	234	461
32	3	62	332	639	4	243
32	4	41	321	392	200	274
33	1	66	388	639	218	450
33	2	62	328	639	0	208
33	3	41	330	391	190	267
34	1	66	395	638	228	454
34	2	62	337	635	0	199
34	3	41	333	410	183	263
35	1	73	0	108	139	264
35	2	66	397	639	235	453
35	3	62	355	639	0	197
35	4	41	334	411	179	262
36	1	73	0	106	139	263
36	2	66	395	639	229	449
36	3	62	352	639	0	196
36	4	41	333	409	177	257
37	1	66	396	639	228	449
37	2	62	352	639	0	196
37	3	41	333	409	178	257
38	1	66	396	639	228	450
38	2	62	352	639	1	194
38	3	41	335	411	178	258
39	1	66	399	639	229	453
39	2	62	354	639	0	198
39	3	41	337	412	180	261
40	1	66	398	639	231	455
40	2	62	352	639	3	203
40	3	41	339	414	184	268
41	1	73	3	123	155	253
41	2	66	397	639	238	459
41	3	62	354	639	0	213
41	4	41	343	416	191	273
42	1	73	2	153	50	154
42	2	66	400	639	240	461
42	3	62	352	639	0	217
42	4	41	343	413	199	275
43	1	73	0	137	169	293
43	2	73	7	166	52	163
43	3	66	421	632	291	460
43	4	62	355	639	0	215
43	5	41	345	418	205	281
44	1	73	0	148	170	292
44	2	66	424	635	291	462
44	3	62	364	634	2	247
44	4	41	355	417	208	286
45	1	73	4	158	176	290
45	2	66	426	633	292	462
45	3	62	367	634	0	249
45	4	41	351	421	214	289
46	1	73	9	159	177	290
46	2	66	425	630	288	463
46	3	62	369	635	0	250
46	4	41	355	421	219	291
47	1	73	8	160	182	291
47	2	73	27	176	86	179
47	3	62	365	636	0	251
47	4	41	353	419	224	294
48	1	73	15	162	182	293
48	2	73	29	176	89	182
48	3	66	421	630	298	464
48	4	62	367	637	1	253
48	5	41	357	414	229	294
49	1	73	16	162	181	292
49	2	73	28	179	86	181
49	3	66	416	631	301	463
49	4	62	364	636	0	255
50	1	73	27	180	87	180
50	2	73	42	160	184	280
50	3	66	411	635	305	458
50	4	62	367	637	1	251
50	5	41	356	412	227	292
51	1	73	32	182	79	173
51	2	66	416	630	303	454
51	3	62	369	637	0	250
51	4	41	354	419	225	291
52	1	73	54	171	186	279
52	2	66	417	632	307	457
52	3	62	370	637	0	252
52	4	41	362	418	230	292
53	1	73	49	204	84	175
53	2	66	417	633	306	458
53	3	62	376	637	0	262
54	1	73	57	210	83	176
54	2	66	416	631	307	458
54	3	62	373	639	0	261
54	4	41	368	423	235	299
55	1	73	73	181	200	290
55	2	73	58	210	93	184
55	3	66	411	633	312	458
55	4	62	377	639	0	271
55	5	41	358	419	241	304
56	1	73	71	181	206	294
56	2	73	57	207	103	199
56	3	66	408	635	311	463
56	4	62	374	638	3	271
56	5	41	355	417	252	314
57	1	73	64	177	211	297
57	2	73	53	204	105	201
57	3	66	401	634	308	465
57	4	62	367	639	7	275
57	5	56	56	219	0	108
57	6	0	294	359	0	57
58	1	76	91	186	316	399
58	2	73	62	175	214	301
58	3	73	48	200	107	204
58	4	66	397	632	312	469
58	5	62	362	639	16	277
58	6	56	54	216	0	106
59	1	73	55	170	215	307
59	2	73	42	189	108	210
59	3	66	390	630	310	471
59	4	62	350	639	19	282
59	5	56	52	205	0	108
59	6	0	287	345	0	72
60	1	73	55	166	224	313
60	2	73	39	192	123	222
60	3	73	50	164	116	182
60	4	66	382	634	316	472
60	5	62	345	639	21	279
60	6	56	50	200	0	108
60	7	0	285	342	0	78
61	1	73	55	165	228	316
61	2	73	37	189	125	223
61	3	66	378	634	320	475
61	4	63	332	634	15	285
61	5	62	356	637	64	290
61	6	56	44	193	0	116
61	7	0	281	339	0	83
62	1	73	38	187	127	226
62	2	73	53	165	233	321
62	3	66	376	634	325	476
62	4	62	340	634	44	310
62	5	56	41	194	0	120
62	6	0	279	387	0	90
63	1	73	52	163	239	327
63	2	73	39	190	130	225
63	3	66	377	626	330	479
63	4	63	329	629	15	293
63	5	62	338	632	53	310
63	6	56	35	199	0	119
63	7	56	298	400	1	93
63	8	0	278	428	0	101
64	1	73	52	162	241	331
64	2	73	36	183	135	236
64	3	66	369	631	333	479
64	4	64	592	639	324	380
64	5	63	317	627	20	294
64	6	62	332	630	57	312
64	7	56	35	194	0	123
64	8	56	279	386	6	99
64	9	41	326	377	289	348
64	10	0	273	400	0	107
65	1	73	34	181	142	240
65	2	66	362	610	347	479
65	3	64	582	639	329	377
65	4	62	329	621	55	320
65	5	56	34	191	5	122
65	6	56	278	386	7	103
65	7	41	322	373	290	351
65	8	0	272	398	0	112
66	1	73	32	145	142	203
66	2	73	46	155	250	335
66	3	66	358	606	350	479
66	4	64	571	632	328	377
66	5	62	323	621	63	318
66	6	56	30	188	8	120
66	7	56	279	379	6	104
66	8	0	267	394	0	111
67	1	73	41	149	256	336
67	2	73	33	145	143	206
67	3	66	354	600	352	479
67	4	64	568	626	330	376
67	5	62	319	624	64	314
67	6	56	19	188	8	136
67	7	56	279	377	8	105
67	8	0	265	389	0	112
68	1	73	41	149	258	334
68	2	66	355	598	355	479
68	3	64	565	623	328	377
68	4	62	316	622	62	316
68	5	56	18	189	7	143
68	6	0	262	386	0	113
69	1	73	49	155	252	336
69	2	66	356	598	354	479
69	3	64	566	624	329	375
69	4	62	315	622	65	312
69	5	56	18	193	7	142
69	6	0	262	387	0	114
70	1	73	55	158	251	336
70	2	66	357	602	352	479
70	3	64	569	626	329	376
70	4	62	318	622	64	314
70	5	56	25	193	6	148
70	6	0	264	388	0	118
71	1	73	59	162	257	342
71	2	66	358	600	356	479
71	3	64	570	625	332	378
71	4	63	542	621	66	109
71	5	62	322	620	75	320
71	6	56	27	192	7	155
71	7	0	264	390	0	120
72	1	73	58	163	260	350
72	2	73	45	184	157	260
72	3	66	361	594	364	479
72	4	64	565	620	338	383
72	5	62	318	621	72	325
72	6	56	32	194	8	155
72	7	56	259	395	12	129
72	8	0	262	391	2	124
73	1	73	54	154	275	362
73	2	73	62	169	188	269
73	3	66	350	605	371	479
73	4	64	556	612	349	395
73	5	62	320	617	117	343
73	6	56	29	185	13	163
73	7	0	255	388	2	125
74	1	73	39	151	287	374
74	2	66	348	601	375	479
74	3	63	309	556	118	347
74	4	62	313	613	125	347
74	5	63	522	596	100	140
74	6	56	20	186	27	176
74	7	0	257	369	4	151
75	1	73	36	139	301	387
75	2	73	54	159	216	294
75	3	63	299	562	122	353
75	4	62	300	606	131	357
75	5	56	9	171	46	197
75	6	0	248	364	0	165
76	1	62	288	561	138	368
76	2	62	561	639	19	145
76	3	62	554	638	206	393
76	4	56	11	162	58	203
76	5	0	231	353	0	175
77	1	73	35	139	243	317
77	2	64	513	566	397	443
77	3	63	282	554	136	378
77	4	62	535	639	34	164
77	5	62	295	554	203	365
77	6	56	5	156	74	224
77	7	0	226	345	15	188
78	1	73	25	137	264	344
78	2	63	273	500	162	406
78	3	62	275	537	182	396
78	4	62	533	636	43	176
78	5	56	6	152	92	226
78	6	0	222	338	35	207
79	1	73	0	109	354	444
79	2	73	13	117	266	344
79	3	63	270	503	185	406
79	4	62	267	533	193	405
79	5	62	526	629	55	194
79	6	56	4	144	106	256
79	7	0	219	331	47	215
80	1	73	9	123	285	366
80	2	73	0	103	366	466
80	3	64	492	545	423	467
80	4	63	254	455	180	239
80	5	62	261	511	195	413
80	6	62	502	625	69	197
80	7	62	521	639	252	442
80	8	56	2	136	117	254
80	9	0	205	323	59	230
81	1	73	7	120	287	367
81	2	73	0	104	369	468
81	3	64	490	541	425	469
81	4	62	257	507	189	422
81	5	62	501	622	75	204
81	6	56	0	132	124	259
81	7	0	205	315	66	235
82	1	73	0	94	375	467
82	2	64	490	541	425	470
82	3	63	259	506	194	419
82	4	62	497	619	77	204
82	5	62	260	509	212	437
82	6	56	2	129	125	260
82	7	0	205	314	70	236
83	1	73	0	94	376	468
83	2	73	2	116	289	368
83	3	64	490	541	425	470
83	4	63	257	507	197	417
83	5	62	259	508	214	435
83	6	62	497	618	75	206
83	7	56	1	125	118	280
83	8	0	204	313	70	235
84	1	73	0	95	373	466
84	2	73	6	118	289	366
84	3	64	491	545	424	466
84	4	63	447	521	181	222
84	5	62	495	619	74	205
84	6	62	260	509	205	442
84	7	56	2	130	124	261
84	8	0	205	313	69	236
85	1	73	6	122	286	363
85	2	73	0	93	368	465
85	3	64	492	545	417	461
85	4	63	448	520	178	215
85	5	63	389	518	149	207
85	6	62	501	626	65	197
85	7	62	260	511	187	415
85	8	62	519	639	239	424
85	9	56	1	130	123	254
85	10	41	262	296	401	455
85	11	0	202	316	64	232
86	1	73	0	94	359	449
86	2	66	323	537	430	477
86	3	64	494	546	411	454
86	4	62	502	625	56	194
86	5	62	258	513	183	406
86	6	62	521	639	236	421
86	7	56	0	131	117	251
86	8	41	256	304	390	453
86	9	0	204	315	58	219
87	1	73	9	120	267	343
87	2	73	0	93	350	440
87	3	66	307	552	427	478
87	4	64	495	548	404	448
87	5	63	454	524	165	201
87	6	62	262	513	173	400
87	7	62	499	627	43	177
87	8	62	523	638	229	419
87	9	56	0	138	103	249
87	10	0	205	316	45	216
88	1	73	7	120	262	340
88	2	73	0	94	345	438
88	3	66	307	552	425	476
88	4	64	497	553	399	443
88	5	63	457	533	155	195
88	6	62	265	512	166	401
88	7	62	501	630	39	178
88	8	56	0	139	94	224
88	9	41	258	308	377	436
88	10	0	205	320	36	209
89	1	73	0	104	329	422
89	2	63	386	465	146	212
89	3	63	462	536	151	187
89	4	62	265	539	171	394
89	5	62	505	634	23	171
89	6	62	530	637	213	397
89	7	56	2	135	87	223
89	8	0	205	323	27	196
90	1	73	10	127	239	317
90	2	73	3	103	311	401
90	3	66	303	558	385	476
90	4	64	508	561	378	418
90	5	62	271	550	166	385
90	6	62	533	638	203	395
90	7	62	531	633	21	151
90	8	56	2	137	72	208
90	9	0	204	329	6	187
91	1	73	0	108	303	392
91	2	73	9	124	215	296
91	3	66	316	583	382	475
91	4	64	514	571	368	412
91	5	62	270	555	137	355
91	6	62	535	638	9	137
91	7	56	3	140	54	210
91	8	0	218	333	0	165
92	1	73	23	134	213	291
92	2	66	330	583	371	479
92	3	64	522	581	361	404
92	4	62	278	572	127	351
92	5	62	551	637	6	123
92	6	62	557	638	181	369
92	7	56	8	143	41	183
92	8	0	222	339	0	161
93	1	73	10	120	283	370
93	2	66	335	588	359	479
93	3	64	534	592	350	394
93	4	62	283	580	118	345
93	5	56	5	153	29	178
93	6	0	224	347	5	138
94	1	73	15	124	276	362
94	2	73	31	149	187	267
94	3	66	344	598	357	479
94	4	64	548	604	338	385
94	5	62	305	611	117	341
94	6	56	5	158	10	169
94	7	0	227	355	3	125
95	1	73	25	134	263	347
95	2	73	16	155	156	260
95	3	66	347	601	353	479
95	4	64	559	617	333	380
95	5	63	524	598	75	114
95	6	62	308	617	109	336
95	7	56	7	162	1	164
95	8	41	296	358	301	362
95	9	0	243	372	2	123
96	1	73	15	156	152	259
96	2	73	28	138	259	349
96	3	66	359	601	355	479
96	4	64	569	629	331	377
96	5	62	309	623	74	316
96	6	56	8	167	4	158
96	7	0	249	374	0	122
97	1	73	35	144	251	338
97	2	73	19	162	151	253
97	3	66	362	605	347	479
97	4	64	578	634	325	372
97	5	62	313	627	68	310
97	6	56	11	172	8	155
97	7	0	252	381	1	113
98	1	73	17	168	142	242
98	2	73	37	145	250	335
98	3	66	362	612	326	479
98	4	64	584	639	318	370
98	5	62	326	622	56	315
98	6	56	13	171	7	138
98	7	56	272	377	7	100
98	8	41	320	372	286	347
98	9	0	257	392	0	109
99	1	73	35	153	240	331
99	2	66	372	629	322	479
99	3	63	320	625	14	298
99	4	62	331	624	47	313
99	5	56	16	170	1	126
99	6	56	273	378	6	96
99	7	41	321	374	286	345
99	8	0	261	395	0	106
100	1	73	35	151	236	326
100	2	66	370	633	317	476
100	3	62	330	632	40	311
100	4	56	21	187	6	118
100	5	56	274	380	0	94
100	6	56	254	271	10	92
100	7	0	265	397	0	99
101	1	73	36	150	235	323
101	2	66	375	633	317	476
101	3	63	326	634	10	291
101	4	62	333	633	41	306
101	5	56	21	187	4	118
101	6	56	268	381	0	90
101	7	41	325	378	276	338
101	8	0	260	356	0	91
102	1	73	34	149	232	321
102	2	73	23	144	119	186
102	3	66	379	634	315	474
102	4	62	330	637	18	285
102	5	56	20	189	2	115
102	6	41	327	379	274	336
102	7	0	261	321	0	85
103	1	73	31	144	229	318
103	2	66	378	633	312	474
103	3	62	332	638	17	280
103	4	56	18	193	2	109
103	5	41	329	380	271	334
103	6	0	270	325	0	79
104	1	66	383	633	311	475
104	2	62	333	637	20	281
104	3	56	18	192	0	109
104	4	41	329	381	271	334
104	5	0	263	321	0	79
105	1	73	5	157	224	334
105	2	66	382	634	315	475
105	3	62	338	633	18	285
105	4	56	17	192	0	112
105	5	41	329	382	269	332
105	6	0	270	325	1	73
106	1	66	378	636	318	476
106	2	62	334	636	21	282
106	3	56	11	175	0	120
106	4	41	327	380	269	335
106	5	0	261	321	1	72
107	1	73	4	158	119	222
107	2	66	373	636	320	479
107	3	62	330	636	20	282
107	4	56	11	167	0	117
107	5	41	323	379	270	337
107	6	0	259	317	0	73
108	1	73	0	152	117	224
108	2	66	360	639	290	479
108	3	62	325	639	17	282
108	4	56	10	163	0	116
108	5	41	319	375	267	336
108	6	0	250	315	3	70
109	1	73	3	112	224	318
109	2	66	357	639	295	479
109	3	62	321	639	16	281
109	4	56	7	158	0	114
109	5	0	242	311	2	70
110	1	66	354	639	296	479
110	2	62	315	638	17	283
110	3	56	6	154	0	111
110	4	41	307	361	276	339
110	5	0	244	304	0	70
111	1	66	335	637	294	479
111	2	62	311	637	10	283
111	3	41	300	356	271	340
111	4	0	232	297	2	69
112	1	73	1	88	224	325
112	2	66	333	637	292	479
112	3	62	304	636	0	287
112	4	41	296	354	264	338
112	5	0	224	294	2	64
113	1	66	333	639	285	478
113	2	64	611	639	282	334
113	3	62	303	633	0	286
113	4	41	294	352	261	333
114	1	67	195	225	145	182
114	2	66	333	639	281	479
114	3	62	296	638	0	283
114	4	41	293	350	257	325
115	1	66	336	638	275	475
115	2	62	291	637	0	278
115	3	41	286	345	252	318
116	1	66	336	637	275	473
116	2	62	291	633	0	276
116	3	56	3	130	6	52
116	4	41	281	348	242	316
117	1	66	340	635	265	472
117	2	62	286	637	0	265
117	3	41	276	347	236	313
118	1	67	2	90	90	182
118	2	66	350	639	235	473
118	3	62	291	637	0	259
118	4	41	280	348	229	305
119	1	66	355	637	230	475
119	2	62	296	639	0	253
119	3	41	281	349	223	296
120	1	66	356	639	230	475
120	2	62	294	639	0	253
120	3	41	290	355	214	293
121	1	67	2	88	69	170
121	2	66	356	639	227	478
121	3	62	297	637	2	248
121	4	41	284	361	209	290
122	1	66	360	638	225	477
122	2	62	296	638	3	245
122	3	41	286	363	208	290
123	1	66	363	637	230	474
123	2	62	298	639	3	245
123	3	41	288	362	205	286
124	1	66	362	639	228	468
124	2	62	299	639	6	242
124	3	41	291	363	203	280
125	1	67	4	87	62	152
125	2	66	363	639	221	463
125	3	62	303	639	9	240
125	4	41	301	364	190	272
126	1	67	3	86	45	145
126	2	66	358	639	228	454
126	3	62	306	639	0	195
126	4	41	291	366	180	262
127	1	66	352	639	218	449
127	2	62	300	639	0	190
127	3	41	286	363	178	259
128	1	67	0	78	25	129
128	2	66	348	639	223	453
128	3	62	302	639	0	194
128	4	41	278	352	178	260
129	1	66	348	639	224	454
129	2	62	301	638	0	195
129	3	41	284	361	179	261
130	1	66	353	639	232	457
130	2	62	307	638	0	198
130	3	41	287	363	181	266
131	1	66	358	639	225	463
131	2	62	311	637	0	203
131	3	41	293	368	185	270
132	1	66	359	639	233	464
132	2	62	310	639	0	209
132	3	41	297	370	191	271
133	1	66	361	639	236	461
133	2	62	312	639	0	207
133	3	41	305	366	194	270
134	1	73	0	83	141	267
134	2	66	363	639	233	463
134	3	62	317	639	5	243
134	4	41	303	372	197	273
135	1	73	1	88	154	256
135	2	66	367	639	231	462
135	3	62	318	639	4	244
135	4	41	305	373	202	272
136	1	66	370	639	233	459
136	2	62	324	639	2	246
136	3	41	315	382	199	272
137	1	66	379	639	229	460
137	2	62	329	639	2	245
137	3	41	317	389	208	275
138	1	73	3	122	160	256
138	2	66	384	639	231	458
138	3	62	339	636	0	248
138	4	41	324	394	207	276
139	1	66	385	639	235	455
139	2	62	354	637	5	246
139	3	41	331	396	208	275
140	1	66	381	639	234	457
140	2	62	355	638	5	246
140	3	41	342	400	208	277
141	1	67	253	282	106	141
141	2	66	386	639	232	456
141	3	62	361	636	2	249
141	4	41	343	401	215	284
142	1	66	387	639	241	456
142	2	62	359	636	1	247
142	3	41	342	401	219	287
143	1	66	385	639	239	454
143	2	62	358	638	0	253
143	3	41	339	394	227	290
144	1	73	10	159	179	288
144	2	66	393	632	298	452
144	3	62	353	639	0	258
144	4	41	330	393	235	298
145	1	73	31	149	187	282
145	2	73	17	169	83	178
145	3	66	387	629	305	455
145	4	62	351	639	1	258
146	1	73	31	149	188	282
146	2	73	16	169	83	178
146	3	66	385	632	306	452
146	4	62	348	639	9	255
147	1	73	33	156	190	284
147	2	66	381	633	308	455
147	3	62	347	639	14	264
147	4	41	328	381	248	311
148	1	73	40	151	205	287
148	2	73	26	180	92	186
148	3	66	383	631	310	458
148	4	62	347	639	29	265
148	5	41	331	381	253	313
148	6	0	273	338	0	55
149	1	73	44	157	203	289
149	2	73	30	146	91	156
149	3	66	376	632	306	460
149	4	62	346	639	34	263
149	5	41	323	386	252	313
149	6	0	274	340	2	59
150	1	73	45	157	208	292
150	2	73	27	180	100	198
150	3	66	372	628	310	461
150	4	62	331	636	20	273
150	5	56	36	196	0	91
150	6	0	272	338	2	65
151	1	73	32	177	106	207
151	2	73	38	154	212	304
151	3	66	369	623	316	468
151	4	62	337	630	48	302
151	5	56	40	199	0	103
151	6	41	323	376	265	324
151	7	0	277	333	1	71
152	1	73	32	174	108	210
152	2	73	39	150	227	309
152	3	66	359	612	324	472
152	4	64	584	639	311	361
152	5	62	328	626	54	300
152	6	56	33	191	0	111
153	1	73	39	148	229	312
153	2	73	32	140	115	184
153	3	73	50	174	139	220
153	4	66	353	612	334	476
153	5	64	578	631	317	366
153	6	62	330	626	51	308
153	7	56	31	188	4	113
153	8	0	274	383	0	91
154	1	73	37	147	234	323
154	2	73	51	168	142	226
154	3	66	352	599	354	477
154	4	64	568	626	329	376
154	5	62	320	622	74	309
154	6	56	29	183	4	118
154	7	0	265	398	0	103
155	1	73	19	163	143	247
155	2	73	33	142	250	337
155	3	66	349	595	364	479
155	4	64	559	618	340	389
155	5	62	316	624	76	314
155	6	56	27	181	8	122
155	7	0	259	391	1	107
156	1	76	57	145	360	435
156	2	73	18	159	148	255
156	3	73	25	135	256	341
156	4	66	341	594	369	479
156	5	64	553	607	346	393
156	6	63	538	616	75	126
156	7	62	311	617	114	339
156	8	56	14	173	9	142
156	9	0	252	380	0	123
157	1	73	13	157	154	262
157	2	73	13	130	264	353
157	3	66	334	587	372	479
157	4	64	543	600	353	401
157	5	62	309	616	118	345
157	6	62	583	639	7	98
157	7	56	10	170	7	156
157	8	0	249	378	1	126
158	1	73	10	130	266	356
158	2	66	323	586	376	479
158	3	64	536	592	355	403
158	4	62	302	610	133	344
158	5	62	579	639	6	107
158	6	56	8	166	3	158
158	7	0	246	373	0	128
159	1	73	8	142	156	263
159	2	73	9	119	275	359
159	3	66	318	580	381	479
159	4	64	529	584	358	405
159	5	62	290	580	120	350
159	6	62	574	639	5	112
159	7	56	6	164	1	161
159	8	0	237	369	0	130
160	1	66	304	571	381	479
160	2	64	525	579	358	406
160	3	62	573	639	4	119
160	4	62	289	573	115	348
160	5	62	560	639	169	380
160	6	56	4	157	4	163
160	7	0	235	363	0	129
161	1	73	4	114	266	355
161	2	66	308	567	374	479
161	3	64	521	575	354	401
161	4	62	284	570	113	351
161	5	62	559	639	4	110
161	6	62	557	638	171	380
161	7	56	3	154	4	159
161	8	41	275	325	317	378
161	9	0	227	351	1	129
162	1	73	4	107	273	361
162	2	66	307	567	373	479
162	3	64	517	572	353	401
162	4	62	279	567	119	349
162	5	62	558	639	4	109
162	6	56	4	147	11	157
162	7	56	222	351	8	132
162	8	41	273	323	317	377
162	9	0	226	348	0	128
163	1	73	1	107	266	353
163	2	66	302	567	375	479
163	3	64	518	569	351	396
163	4	62	277	566	117	350
163	5	62	556	639	4	111
163	6	56	4	145	10	162
163	7	0	223	345	0	129
164	1	73	0	105	265	353
164	2	73	9	128	183	265
164	3	66	310	562	368	479
164	4	64	514	567	347	394
164	5	62	555	639	3	108
164	6	62	279	563	108	349
164	7	56	3	143	14	157
164	8	41	274	309	317	371
164	9	0	221	345	0	128
165	1	73	1	104	262	353
165	2	73	7	127	181	265
165	3	66	308	562	369	479
165	4	64	516	569	344	392
165	5	62	278	566	111	346
165	6	62	554	639	6	106
165	7	56	4	141	15	156
165	8	56	216	348	8	132
165	9	0	220	345	0	127
166	1	73	1	105	262	351
166	2	66	310	564	370	479
166	3	64	516	570	343	390
166	4	62	280	567	109	351
166	5	62	554	639	6	103
166	6	56	6	143	15	152
166	7	56	215	348	10	131
166	8	0	219	344	0	128
167	1	73	0	106	260	346
167	2	73	0	126	153	262
167	3	66	316	559	360	479
167	4	64	520	573	339	384
167	5	62	558	639	6	97
167	6	62	270	572	71	329
167	7	62	555	639	155	350
167	8	56	6	145	14	155
167	9	56	215	349	8	132
167	10	0	219	346	0	127
168	1	73	1	110	257	343
168	2	73	3	129	154	258
168	3	66	324	573	361	478
168	4	64	523	578	337	383
168	5	62	270	575	67	325
168	6	62	561	639	3	94
168	7	62	560	639	152	346
168	8	56	5	149	11	149
168	9	56	215	352	12	128
168	10	41	274	326	302	363
168	11	0	221	348	0	125
169	1	73	3	109	254	340
169	2	73	5	134	150	254
169	3	66	319	556	358	479
169	4	64	524	579	333	381
169	5	62	278	576	66	322
169	6	62	563	639	4	94
169	7	62	560	638	145	353
169	8	56	6	150	11	149
169	9	41	276	324	304	355
169	10	0	225	351	0	122
170	1	73	2	110	250	339
170	2	73	2	132	143	249
170	3	66	323	573	355	478
170	4	64	524	579	331	378
170	5	62	278	576	68	318
170	6	62	562	639	5	89
170	7	62	561	638	145	352
170	8	56	5	151	9	147
170	9	41	276	325	296	357
170	10	0	226	351	0	118
171	1	73	0	108	250	337
171	2	73	4	109	142	217
171	3	66	313	561	356	479
171	4	64	522	577	333	380
171	5	62	278	577	62	320
171	6	62	572	638	5	96
171	7	62	559	639	147	349
171	8	56	4	149	10	138
171	9	0	226	352	0	116
172	1	73	2	104	244	327
172	2	66	310	553	359	479
172	3	64	516	570	334	380
172	4	62	274	579	61	317
172	5	62	562	639	4	91
172	6	62	554	639	147	352
172	7	56	5	145	9	140
172	8	0	224	349	0	119
173	1	73	0	95	251	335
173	2	66	302	553	362	479
173	3	64	510	565	337	382
173	4	62	267	577	75	315
173	5	62	558	639	4	95
173	6	62	550	639	148	356
173	7	56	3	142	12	138
173	8	0	220	346	0	117
174	1	73	0	87	252	337
174	2	66	296	538	360	479
174	3	62	258	568	62	321
174	4	62	554	639	7	100
174	5	56	5	142	12	145
174	6	0	212	342	0	121
175	1	66	286	534	364	479
175	2	64	493	547	344	390
175	3	62	530	639	6	100
175	4	62	247	566	75	318
175	5	56	4	134	14	141
175	6	0	208	336	0	122
176	1	66	277	522	360	479
176	2	64	481	535	342	389
176	3	62	527	638	1	102
176	4	62	235	521	70	319
176	5	56	1	123	13	141
176	6	0	198	332	0	124
177	1	66	262	509	362	479
177	2	64	467	522	341	389
177	3	62	501	630	0	114
177	4	62	227	513	104	344
177	5	62	510	639	159	381
177	6	56	2	102	0	126
177	7	0	180	321	0	123
178	1	67	3	67	178	273
178	2	66	248	502	366	479
178	3	64	459	512	346	391
178	4	62	499	628	0	116
178	5	62	218	516	112	346
178	6	62	500	639	161	391
178	7	56	2	88	0	127
178	8	0	176	299	0	127
179	1	67	1	59	184	273
179	2	66	234	492	369	479
179	3	64	452	504	346	394
179	4	62	491	627	0	118
179	5	62	202	507	124	335
179	6	62	492	638	170	387
179	7	56	3	83	0	129
179	8	0	167	294	0	124
180	1	67	0	46	182	267
180	2	66	231	480	364	479
180	3	64	444	496	343	389
180	4	63	217	416	64	138
180	5	62	489	620	0	119
180	6	62	479	639	169	382
180	7	62	199	499	120	337
180	8	56	0	82	44	126
180	9	0	157	289	0	123
181	1	67	0	41	174	271
181	2	66	228	470	357	479
181	3	64	439	490	339	383
181	4	63	206	411	53	133
181	5	62	187	478	114	335
181	6	62	485	617	0	116
181	7	62	471	639	166	379
181	8	56	0	80	37	121
181	9	0	156	285	0	120
182	1	66	205	456	357	479
182	2	64	429	478	338	385
182	3	63	204	404	50	132
182	4	62	482	614	0	112
182	5	62	175	475	117	329
182	6	62	466	639	150	402
182	7	56	0	74	34	119
182	8	0	150	284	2	117
183	1	66	201	456	358	479
183	2	64	422	470	337	384
183	3	56	189	382	48	134
183	4	62	164	465	119	327
183	5	62	464	607	0	110
183	6	62	458	639	155	396
183	7	56	0	64	30	118
183	8	0	141	273	0	118
184	1	66	202	440	357	479
184	2	64	416	467	332	379
184	3	63	182	382	41	132
184	4	62	478	598	0	94
184	5	62	156	459	111	330
184	6	62	454	639	155	359
184	7	0	137	267	0	112
185	1	66	202	432	355	479
185	2	64	413	465	325	372
185	3	62	144	465	100	305
185	4	62	461	606	0	98
185	5	62	452	639	147	355
185	6	56	0	58	13	111
185	7	0	135	268	0	106
186	1	66	195	442	333	478
186	2	64	414	466	318	365
186	3	63	169	387	28	123
186	4	62	139	464	93	303
186	5	62	454	638	120	363
186	6	62	479	593	2	73
186	7	56	0	57	13	107
186	8	41	150	201	292	353
186	9	0	132	270	0	99
187	1	66	197	439	330	479
187	2	64	414	467	312	359
187	3	62	136	464	89	301
187	4	62	453	638	106	360
187	5	62	482	589	3	67
187	6	56	0	58	14	103
187	7	0	127	250	0	98
188	1	66	193	437	321	478
188	2	64	411	464	305	351
188	3	62	122	456	76	296
188	4	62	451	639	109	351
188	5	62	478	581	0	57
188	6	0	116	259	0	95
189	1	66	189	440	317	475
189	2	64	406	459	301	345
189	3	62	113	453	70	299
189	4	62	450	639	100	349
189	5	62	474	576	0	48
189	6	0	109	257	0	95
190	1	66	182	425	307	474
190	2	64	398	449	302	346
190	3	62	99	448	72	299
190	4	62	428	639	101	315
190	5	41	125	179	289	352
191	1	66	151	411	318	478
191	2	64	384	435	308	353
191	3	62	76	431	80	300
191	4	62	417	639	105	338
191	5	41	101	167	295	356
192	1	66	135	399	324	477
192	2	64	374	426	310	356
192	3	62	60	415	85	303
192	4	62	407	635	111	336
192	5	62	453	550	1	64
192	6	41	93	161	296	360
192	7	0	84	238	0	95
193	1	66	133	391	321	479
193	2	64	363	414	311	355
193	3	62	46	404	81	306
193	4	62	401	631	110	336
193	5	62	448	546	1	62
193	6	41	73	143	296	361
194	1	66	127	376	325	479
194	2	64	354	404	308	354
194	3	62	30	392	82	303
194	4	62	428	529	2	61
194	5	62	386	626	111	336
194	6	41	60	128	297	362
195	1	66	84	360	319	475
195	2	64	342	392	304	352
195	3	62	19	383	78	301
195	4	62	374	622	106	338
195	5	41	46	115	296	360
196	1	66	86	347	311	473
196	2	64	330	380	300	345
196	3	62	6	362	63	312
196	4	62	355	619	102	311
196	5	41	31	100	292	358
197	1	66	78	346	312	474
197	2	64	323	372	300	343
197	3	62	0	356	64	307
197	4	62	346	619	103	309
197	5	41	20	90	291	360
198	1	66	78	336	313	478
198	2	64	315	366	298	342
198	3	62	0	343	59	310
198	4	62	341	608	105	306
198	5	41	9	80	292	364
199	1	66	75	340	315	477
199	2	64	310	361	297	339
199	3	62	0	335	61	311
199	4	62	333	599	103	303
199	5	41	5	73	291	364
200	1	66	76	345	316	477
200	2	64	309	361	298	340
200	3	62	0	332	54	318
200	4	62	332	597	102	303
200	5	41	7	75	293	365
201	1	66	77	342	319	479
201	2	64	314	365	300	342
201	3	62	0	333	56	318
201	4	62	330	602	101	303
201	5	41	11	78	298	367
202	1	66	74	344	323	479
202	2	64	318	368	302	347
202	3	62	0	337	60	321
202	4	62	333	606	103	304
202	5	41	17	88	307	373
203	1	66	74	350	322	479
203	2	64	324	373	307	352
203	3	62	0	335	59	325
203	4	62	342	608	109	306
203	5	62	381	481	0	45
203	6	41	24	91	312	377
204	1	66	92	350	324	478
204	2	64	330	381	309	353
204	3	62	0	340	63	326
204	4	62	352	611	106	338
204	5	41	32	101	315	376
204	6	0	24	181	1	45
205	1	66	100	356	324	479
205	2	64	333	384	309	352
205	3	62	2	344	58	326
205	4	62	349	620	109	310
205	5	41	48	105	311	376
205	6	0	40	178	2	46
206	1	66	103	358	326	479
206	2	64	337	389	311	354
206	3	62	4	353	53	328
206	4	62	355	620	109	311
206	5	62	406	499	0	55
206	6	41	44	112	313	375
206	7	0	42	180	1	46
207	1	66	108	366	321	479
207	2	64	342	393	307	351
207	3	62	12	362	67	321
207	4	62	410	502	0	50
207	5	62	360	630	108	312
207	6	41	52	122	306	363
207	7	0	46	186	1	46
208	1	66	128	375	324	479
208	2	64	348	396	304	345
208	3	62	12	367	73	311
208	4	62	363	629	108	308
208	5	62	407	510	1	48
208	6	41	57	125	300	363
209	1	66	126	386	320	477
209	2	64	353	406	306	349
209	3	62	20	381	73	307
209	4	62	374	628	108	311
209	5	62	401	515	0	46
209	6	41	68	137	300	364
210	1	66	145	387	312	475
210	2	64	366	416	303	345
210	3	62	36	389	76	307
210	4	62	391	635	104	313
210	5	41	80	148	298	359
211	1	66	150	395	307	472
211	2	64	374	426	296	337
211	3	62	49	404	70	301
211	4	62	398	636	99	305
211	5	41	94	160	289	349
212	1	66	163	412	301	470
212	2	64	382	435	284	326
212	3	62	57	407	59	299
212	4	62	404	637	75	292
212	5	41	102	172	281	339
213	1	66	124	436	282	473
213	2	64	395	448	282	326
213	3	62	65	407	52	298
213	4	62	421	639	79	290
214	1	66	203	440	295	463
214	2	64	409	465	283	326
214	3	62	103	431	56	293
214	4	62	444	630	85	289
215	1	66	215	455	293	464
215	2	64	427	479	278	321
215	3	62	121	446	42	302
215	4	62	462	636	76	291
215	5	41	152	215	278	337
216	1	66	235	472	291	462
216	2	64	439	493	278	320
216	3	62	480	635	61	293
216	4	62	129	471	37	278
217	1	66	249	497	289	459
217	2	64	454	509	276	318
217	3	62	149	487	29	278
217	4	62	487	636	67	292
217	5	56	1	85	73	106
218	1	67	3	61	155	242
218	2	66	259	504	295	450
218	3	64	462	519	273	315
218	4	62	165	497	29	279
218	5	62	501	639	67	289
219	1	66	261	510	292	446
219	2	64	472	529	272	315
219	3	62	173	524	33	271
219	4	62	505	639	61	293
219	5	56	3	98	7	99
220	1	66	276	521	287	453
220	2	64	480	536	274	317
220	3	62	184	523	43	269
220	4	62	513	637	57	295
220	5	56	4	101	4	100
220	6	56	203	436	0	80
221	1	73	3	85	146	225
221	2	66	289	526	296	454
221	3	64	486	543	277	321
221	4	62	197	529	46	270
221	5	62	519	638	58	295
221	6	56	7	108	5	97
222	1	66	294	534	295	452
222	2	64	492	550	277	320
222	3	62	212	535	38	270
222	4	62	525	637	58	297
223	1	66	299	548	295	449
223	2	64	500	556	276	320
223	3	62	223	544	32	272
223	4	62	529	639	65	295
224	1	73	0	84	224	319
224	2	66	302	554	296	446
224	3	64	507	564	276	317
224	4	62	230	568	23	272
224	5	56	8	121	7	99
225	1	73	0	86	225	313
225	2	66	313	558	273	446
225	3	64	514	572	269	314
225	4	62	239	569	24	266
225	5	56	3	130	0	117
226	1	66	321	557	270	445
226	2	64	524	580	266	310
226	3	62	255	572	20	263
227	1	73	1	104	214	306
227	2	66	337	572	272	442
227	3	64	534	592	264	305
227	4	62	266	577	17	260
227	5	62	568	639	48	261
227	6	56	5	140	0	109
227	7	0	210	263	1	70
228	1	73	4	109	213	304
228	2	66	343	587	275	436
228	3	64	540	600	258	303
228	4	62	268	595	10	261
228	5	56	4	140	0	112
229	1	73	10	118	211	302
229	2	66	350	592	266	432
229	3	64	547	607	256	300
229	4	62	280	616	14	252
230	1	73	15	125	209	294
230	2	66	358	598	257	427
230	3	64	558	617	253	296
230	4	62	295	628	9	253
230	5	56	6	150	0	117
231	1	73	27	132	202	286
231	2	66	361	606	255	423
231	3	64	570	630	250	294
231	4	62	308	634	4	250
232	1	73	44	143	203	284
232	2	66	382	618	259	424
232	3	64	582	639	251	298
232	4	62	319	635	5	251
233	1	73	51	153	192	280
233	2	73	15	172	98	187
233	3	66	388	629	256	420
233	4	62	336	630	3	253
234	1	73	56	163	188	275
234	2	66	389	634	258	417
234	3	62	354	637	6	244
235	1	73	65	172	184	267
235	2	73	31	189	88	175
235	3	66	396	632	264	416
235	4	62	363	633	5	242
236	1	73	66	175	181	261
236	2	66	403	632	271	414
236	3	62	370	634	2	243
236	4	41	349	402	220	274
237	1	73	45	203	79	172
237	2	73	75	182	171	254
237	3	66	404	636	276	409
237	4	62	375	635	5	240
237	5	41	357	412	218	276
238	1	73	80	192	166	251
238	2	66	411	637	269	411
238	3	62	376	639	2	219
239	1	73	88	201	165	249
239	2	66	430	636	272	409
239	3	62	390	639	0	220
239	4	41	367	435	213	273
240	1	73	100	208	162	244
240	2	73	77	182	49	116
240	3	66	438	635	273	407
240	4	62	403	633	0	247
240	5	41	380	443	213	271
241	1	73	110	215	158	242
241	2	66	443	632	277	408
241	3	63	404	639	0	218
241	4	62	407	636	0	250
241	5	41	392	456	206	266
242	1	73	117	223	160	243
242	2	66	454	637	283	407
242	3	63	413	636	0	217
242	4	62	412	637	0	245
242	5	56	2	87	5	142
243	1	73	128	231	159	242
243	2	66	464	636	284	408
243	3	63	424	635	0	219
243	4	62	424	636	0	247
243	5	56	0	102	4	147
244	1	73	136	243	162	246
244	2	66	475	635	270	421
244	3	63	433	635	0	224
244	4	62	436	634	0	247
244	5	56	0	105	7	145
244	6	41	416	485	211	276
245	1	66	479	638	275	420
245	2	63	435	635	0	224
245	3	62	453	637	2	247
245	4	56	0	111	4	146
246	1	73	158	261	164	248
246	2	66	490	639	276	420
246	3	63	460	637	3	251
247	1	73	164	274	166	246
247	2	63	475	637	13	236
247	3	56	8	134	5	148
248	1	73	182	284	158	240
248	2	63	480	634	4	214
249	1	73	195	301	155	237
249	2	63	507	639	3	242
249	3	56	15	153	0	121
250	1	73	210	308	155	236
250	2	63	516	639	2	240
250	3	56	18	162	0	123
251	1	73	220	326	152	236
251	2	63	526	639	0	227
251	3	56	39	180	0	119
252	1	73	230	332	147	227
252	2	63	531	639	0	222
252	3	56	36	184	0	121
253	1	73	236	345	139	231
253	2	63	556	639	1	214
253	3	56	42	187	0	119
254	1	73	244	352	140	231
254	2	63	570	639	0	220
254	3	56	46	190	0	122
255	1	73	249	355	142	229
255	2	62	578	639	15	232
255	3	56	52	191	0	120
256	1	73	255	357	136	226
256	2	63	582	638	17	231
256	3	56	56	195	0	118
257	1	73	259	362	136	225
257	2	56	58	196	0	116
258	1	73	263	367	136	225
258	2	56	57	196	0	118
259	1	73	263	369	136	225
259	2	56	57	198	0	116
260	1	73	262	373	136	221
261	1	73	269	378	136	221
262	1	73	270	379	135	219
263	1	73	271	380	135	218
264	1	73	266	381	135	220
264	2	56	57	210	0	117
265	1	73	260	365	131	219
266	1	73	251	356	131	217
266	2	73	221	338	19	88
266	3	63	578	638	0	215
266	4	56	58	198	0	114
267	1	73	246	352	128	218
267	2	63	574	639	3	209
267	3	56	49	192	0	111
268	1	63	559	638	0	209
268	2	56	44	189	0	112
269	1	73	232	338	130	219
269	2	63	552	639	1	208
269	3	56	41	186	0	113
270	1	73	220	330	132	217
270	2	63	533	634	0	219
270	3	56	38	183	0	112
271	1	73	208	316	136	221
271	2	63	520	636	1	211
271	3	56	36	179	0	115
272	1	73	202	310	133	222
272	2	66	538	639	279	412
272	3	63	518	636	0	218
272	4	56	39	176	0	116
273	1	73	196	301	142	224
273	2	63	507	636	2	219
274	1	73	183	297	142	231
274	2	66	525	639	298	397
274	3	63	486	632	7	210
274	4	56	15	154	0	116
275	1	73	184	296	138	226
275	2	66	524	639	296	393
275	3	63	489	634	6	208
275	4	56	16	154	0	114
275	5	41	477	540	201	265
276	1	73	179	289	140	231
276	2	66	522	639	297	394
276	3	63	485	629	3	215
276	4	56	13	158	0	117
276	5	41	467	532	203	266
277	1	73	180	286	144	230
277	2	66	511	639	282	419
277	3	63	483	628	2	210
277	4	41	466	530	205	269
278	1	63	482	628	1	215
278	2	56	16	153	0	118
278	3	41	464	530	206	269
279	1	63	462	638	0	250
280	1	63	456	633	0	227
281	1	73	131	242	156	237
281	2	63	425	635	0	224
282	1	73	112	227	163	244
282	2	66	436	635	291	420
282	3	63	408	637	0	225
282	4	62	409	637	0	250
283	1	73	105	215	161	248
283	2	66	431	635	293	414
283	3	62	407	633	0	248
283	4	41	382	445	219	276
284	1	73	101	209	168	253
284	2	66	429	631	273	425
284	3	63	395	634	3	222
284	4	62	397	633	0	248
285	1	66	402	633	268	425
285	2	63	341	624	0	224
285	3	62	373	639	1	246
286	1	63	335	633	0	224
286	2	62	361	639	6	240
287	1	63	328	639	9	242
287	2	62	345	639	12	239
288	1	66	351	604	275	434
288	2	64	573	627	264	310
288	3	62	314	637	12	241
289	1	73	0	139	83	186
289	2	73	1	110	186	269
289	3	66	347	583	274	434
289	4	62	295	637	12	244
290	1	66	329	570	273	444
290	2	64	533	591	268	317
290	3	62	270	629	20	244
291	1	66	309	562	281	432
291	2	64	520	579	267	314
291	3	62	268	604	18	247
291	4	62	562	637	70	281
292	1	66	308	560	281	433
292	2	64	517	575	268	313
292	3	62	265	595	18	253
293	1	73	0	80	205	295
293	2	66	305	561	280	435
293	3	64	517	575	265	310
293	4	62	254	593	16	255
293	5	41	253	301	242	303
294	1	66	303	548	269	445
294	2	64	510	566	263	305
294	3	62	240	584	11	254
294	4	62	550	639	41	277
295	1	66	295	533	298	439
295	2	62	214	559	18	252
296	1	67	1	63	124	225
296	2	62	205	544	26	259
297	1	66	245	497	288	450
297	2	64	456	512	272	315
297	3	62	183	524	30	260
297	4	62	509	639	62	296
297	5	56	0	79	38	70
298	1	66	233	471	293	453
298	2	64	443	496	278	321
298	3	62	163	504	38	261
298	4	62	485	637	71	305
299	1	66	201	457	294	449
299	2	62	151	497	43	258
299	3	62	479	636	78	309
299	4	41	153	221	254	312
300	1	66	186	439	296	445
300	2	64	411	461	278	321
300	3	62	132	477	38	256
300	4	62	459	635	78	294
301	1	66	181	436	294	458
301	2	62	109	460	41	256
301	3	62	430	639	75	305
302	1	66	149	402	305	462
302	2	64	378	429	289	333
302	3	62	90	446	48	257
302	4	62	409	639	78	314
302	5	41	96	164	258	324
303	1	66	135	392	310	464
303	2	64	367	417	295	339
303	3	62	72	435	46	269
303	4	62	404	637	86	323
303	5	41	79	147	264	324
304	1	66	123	389	314	467
304	2	64	362	409	303	351
304	3	62	72	408	48	297
304	4	62	403	632	94	349
304	5	62	449	548	2	61
304	6	41	71	141	268	334
305	1	66	125	377	329	477
305	2	64	358	406	307	353
305	3	62	60	407	59	293
305	4	62	394	631	103	344
305	5	62	443	550	5	69
305	6	41	70	136	278	338
306	1	66	127	374	328	479
306	2	64	354	404	311	358
306	3	62	44	409	72	296
306	4	62	428	543	5	70
306	5	62	389	631	109	345
307	1	66	113	366	329	479
307	2	64	352	401	313	360
307	3	62	42	401	76	297
307	4	62	429	542	5	71
307	5	62	383	632	117	344
307	6	41	56	122	288	349
308	1	66	110	364	328	479
308	2	64	348	397	316	363
308	3	62	28	398	76	306
308	4	62	374	634	117	348
308	5	62	431	535	4	70
308	6	41	53	118	293	357
309	1	66	110	364	328	479
309	2	64	348	397	317	363
309	3	62	15	399	89	306
309	4	62	428	530	3	72
309	5	62	371	634	118	347
309	6	41	53	116	299	364
310	1	66	108	367	327	479
310	2	64	348	398	320	364
310	3	62	18	392	83	315
310	4	62	429	527	3	72
310	5	62	371	633	120	344
310	6	41	52	119	304	366
310	7	0	56	206	0	46
311	1	66	108	368	329	479
311	2	64	347	398	322	366
311	3	62	14	394	87	318
311	4	62	428	526	3	72
311	5	62	369	634	121	345
311	6	41	49	116	310	372
311	7	0	61	202	0	44
312	1	66	104	368	331	479
312	2	64	348	399	322	366
312	3	62	16	387	83	322
312	4	62	429	525	2	71
312	5	62	369	632	122	343
312	6	41	50	116	313	377
312	7	0	61	204	2	45
313	1	66	91	355	332	479
313	2	64	342	393	319	365
313	3	62	11	371	87	325
313	4	62	366	630	120	340
313	5	62	422	524	2	70
313	6	41	44	114	316	380
313	7	0	57	201	2	46
314	1	66	81	348	330	479
314	2	64	333	385	316	363
314	3	62	0	359	69	327
314	4	62	410	505	3	63
314	5	62	354	621	117	335
314	6	41	31	101	317	382
314	7	0	40	188	2	46
315	1	66	72	348	328	479
315	2	64	326	378	314	360
315	3	62	0	348	69	325
315	4	62	404	498	2	62
315	5	62	352	617	112	334
315	6	41	23	90	315	382
315	7	0	33	176	2	46
316	1	66	66	348	328	479
316	2	64	322	371	312	356
316	3	62	0	340	62	324
316	4	62	385	483	2	57
316	5	62	347	609	109	334
316	6	41	17	87	313	381
316	7	0	12	173	1	44
317	1	66	70	339	324	479
317	2	64	316	368	305	351
317	3	62	0	340	63	316
317	4	62	339	611	109	305
317	5	62	384	479	0	47
317	6	41	9	78	307	378
318	1	66	75	345	318	479
318	2	64	313	364	298	342
318	3	62	0	329	49	322
318	4	62	336	598	101	301
318	5	41	10	75	301	368
319	1	66	70	346	315	478
319	2	64	314	368	297	340
319	3	62	0	332	54	320
319	4	62	337	602	98	304
319	5	41	10	77	299	368
320	1	66	77	349	313	473
320	2	64	321	373	295	336
320	3	62	0	335	53	314
320	4	62	337	612	93	299
320	5	41	17	88	295	361
321	1	66	80	352	309	469
321	2	64	325	377	290	332
321	3	62	0	339	43	317
321	4	62	345	613	86	292
321	5	41	20	90	290	359
322	1	66	89	354	307	469
322	2	64	332	384	286	327
322	3	62	0	340	43	313
322	4	62	348	624	78	290
322	5	41	27	99	289	355
323	1	66	95	365	307	469
323	2	64	340	393	285	328
323	3	62	5	345	40	313
323	4	62	360	630	71	297
323	5	41	41	112	286	350
324	1	66	119	385	307	469
324	2	64	348	400	283	326
324	3	62	10	355	42	310
324	4	62	367	632	72	296
324	5	41	48	121	287	346
325	1	66	126	383	306	469
325	2	64	352	407	281	325
325	3	62	11	361	40	310
325	4	62	374	630	69	291
325	5	41	59	127	280	341
326	1	66	130	389	300	466
326	2	64	358	411	277	318
326	3	62	16	367	32	314
326	4	62	383	632	63	292
326	5	41	68	135	275	339
327	1	66	136	386	297	468
327	2	64	366	417	277	323
327	3	62	18	394	38	276
327	4	62	392	634	70	291
327	5	41	75	141	274	338
328	1	66	144	404	302	462
328	2	64	375	429	281	325
328	3	62	46	395	42	306
328	4	62	400	637	72	292
328	5	41	85	154	275	337
329	1	66	154	412	298	461
329	2	64	381	435	277	319
329	3	62	56	402	39	307
329	4	62	409	636	66	289
329	5	41	95	163	269	334
330	1	66	165	412	295	462
330	2	64	388	442	275	318
330	3	62	55	414	32	280
330	4	62	420	636	61	290
330	5	41	99	166	270	329
331	1	66	175	429	290	459
331	2	64	400	454	276	319
331	3	62	432	637	64	291
331	4	62	70	437	40	275
332	1	66	199	439	286	456
332	2	64	413	469	272	315
332	3	62	95	450	35	277
332	4	62	453	636	56	306
333	1	66	200	450	292	452
333	2	64	426	481	269	315
333	3	62	102	462	31	271
333	4	62	460	634	51	303
334	1	66	209	460	296	462
334	2	64	442	497	274	320
334	3	62	478	636	54	293
334	4	62	123	476	34	272
335	1	66	243	504	295	459
335	2	64	460	517	279	320
335	3	62	144	489	24	279
335	4	62	489	638	60	293
336	1	67	1	63	155	250
336	2	66	261	510	290	455
336	3	64	477	535	274	318
336	4	62	164	504	30	277
336	5	62	511	639	57	293
337	1	66	274	530	290	460
337	2	64	491	549	277	321
337	3	62	187	529	28	275
337	4	62	520	638	50	298
338	1	66	291	554	293	455
338	2	64	507	568	281	324
338	3	62	205	544	31	277
338	4	62	532	637	55	293
338	5	56	197	453	2	88
339	1	66	314	557	289	455
339	2	64	523	581	277	320
339	3	62	226	576	33	270
340	1	66	324	595	293	451
340	2	64	536	598	273	319
340	3	62	251	583	22	268
340	4	56	4	140	1	113
341	1	66	334	611	275	459
341	2	64	552	613	274	320
341	3	62	261	598	20	265
341	4	56	4	140	0	117
341	5	0	213	272	2	75
342	1	73	12	122	225	314
342	2	66	351	608	296	450
342	3	64	564	629	276	322
342	4	62	277	630	13	272
342	5	56	3	148	0	123
342	6	0	228	284	4	73
343	1	73	16	125	226	312
343	2	66	357	607	294	450
343	3	64	574	635	274	322
343	4	62	296	634	17	264
343	5	56	7	157	0	115
343	6	0	237	293	1	71
344	1	73	27	135	214	304
344	2	73	13	157	102	212
344	3	66	360	611	294	451
344	4	64	580	639	273	322
344	5	62	312	635	18	263
344	6	56	9	164	0	119
344	7	0	248	304	0	66
345	1	73	31	142	214	304
345	2	66	378	615	292	451
345	3	64	586	639	273	326
345	4	62	321	631	17	263
345	5	56	10	171	0	115
346	1	73	37	150	213	300
346	2	66	375	625	293	452
346	3	64	592	639	275	331
346	4	62	325	635	19	266
346	5	56	12	175	0	114
346	6	41	322	374	251	311
347	1	73	39	152	210	296
347	2	66	383	623	300	453
347	3	64	593	639	280	332
347	4	62	331	632	28	263
347	5	56	17	193	1	107
347	6	41	327	377	250	312
347	7	0	259	320	3	64
348	1	73	39	152	210	294
348	2	66	389	624	301	453
348	3	62	332	634	25	269
348	4	56	18	196	0	104
348	5	41	327	379	252	314
348	6	0	263	332	2	68
349	1	73	48	155	210	294
349	2	66	394	629	303	453
349	3	62	338	634	30	267
349	4	56	23	195	0	104
349	5	0	264	331	3	68
350	1	73	50	156	208	291
350	2	73	27	142	95	160
350	3	66	396	630	306	453
350	4	64	607	639	284	334
350	5	62	352	639	38	260
350	6	56	26	197	0	100
350	7	0	265	337	2	68
351	1	66	399	630	311	457
351	2	62	355	639	35	269
351	3	56	28	196	0	94
351	4	41	343	404	254	314
351	5	0	267	342	2	68
352	1	73	62	174	213	298
352	2	66	404	630	314	462
352	3	63	335	587	6	141
352	4	62	361	639	50	266
352	5	56	38	195	0	108
352	6	0	272	349	2	72
353	1	73	63	175	213	300
353	2	73	52	156	98	161
353	3	66	403	631	323	466
353	4	62	376	632	53	291
353	5	56	40	196	0	109
353	6	41	354	407	262	322
353	7	0	275	353	1	75
354	1	73	61	180	214	303
354	2	73	45	193	107	204
354	3	73	53	159	99	164
354	4	66	405	632	327	470
354	5	63	370	639	45	272
354	6	62	376	632	59	285
354	7	56	42	198	0	108
354	8	41	354	417	267	324
354	9	0	284	364	0	82
355	1	73	74	185	215	300
355	2	66	410	633	329	472
355	3	63	373	639	33	278
355	4	62	382	636	59	289
355	5	63	347	598	3	157
355	6	56	48	198	0	108
355	7	0	284	376	0	88
356	1	73	81	198	216	300
356	2	66	422	632	325	474
356	3	63	389	639	62	297
356	4	63	354	603	8	161
356	5	56	53	204	0	105
356	6	0	286	434	0	86
357	1	73	97	206	217	305
357	2	66	442	628	358	476
357	3	63	380	639	10	289
357	4	62	401	639	62	299
357	5	56	59	208	0	104
357	6	0	299	410	0	92
358	1	73	106	223	218	305
358	2	66	457	634	364	473
358	3	62	412	637	63	304
358	4	56	63	219	0	115
358	5	0	303	450	0	90
359	1	66	466	636	363	476
359	2	63	432	632	63	311
359	3	56	81	239	0	113
359	4	56	0	87	6	208
359	5	0	319	436	0	93
360	1	73	129	230	225	310
360	2	66	470	639	369	478
360	3	63	440	630	66	321
360	4	63	412	614	12	172
360	5	56	93	239	0	116
360	6	56	0	89	15	195
360	7	56	333	460	0	93
360	8	0	316	460	0	96
361	1	73	134	242	227	309
361	2	73	109	214	118	177
361	3	66	479	639	364	477
361	4	63	441	630	69	323
361	5	63	414	619	18	173
361	6	56	93	239	0	118
361	7	56	0	103	12	198
361	8	0	326	475	0	98
362	1	66	484	638	368	476
362	2	63	461	636	94	302
362	3	63	420	618	15	180
362	4	56	106	248	0	112
362	5	56	0	106	7	201
362	6	0	331	477	0	96
363	1	63	424	627	15	181
363	2	63	471	638	91	310
363	3	56	115	258	0	113
363	4	56	0	113	17	194
363	5	56	358	486	2	92
363	6	0	343	493	0	96
364	1	63	439	624	19	183
364	2	56	126	279	0	115
364	3	56	0	129	10	195
364	4	0	361	500	0	95
365	1	73	181	287	217	305
365	2	73	157	260	107	168
365	3	66	531	639	377	479
365	4	63	439	626	20	179
365	5	56	135	284	0	114
365	6	56	0	132	11	196
365	7	56	383	508	0	92
365	8	0	369	505	0	92
366	1	73	187	297	217	306
366	2	73	161	263	108	168
366	3	66	534	639	380	479
366	4	63	473	636	15	177
366	5	63	510	639	87	313
366	6	56	147	288	0	114
366	7	56	0	132	6	194
366	8	56	382	511	0	93
366	9	0	374	521	0	98
367	1	63	513	639	91	312
367	2	63	474	639	13	183
367	3	56	155	294	0	112
367	4	56	2	146	4	185
367	5	0	377	528	0	99
368	1	73	176	283	105	167
368	2	63	478	636	19	179
368	3	63	520	639	91	310
368	4	56	155	296	0	115
368	5	56	4	149	6	183
368	6	0	387	533	0	99
369	1	63	481	635	23	186
369	2	56	165	308	0	115
369	3	56	7	154	3	187
369	4	0	399	546	0	97
370	1	63	554	639	94	305
370	2	56	179	328	0	117
370	3	56	10	162	0	181
370	4	0	413	557	0	97
371	1	73	235	340	215	308
371	2	73	208	310	107	167
371	3	63	562	638	84	312
371	4	63	496	632	36	171
371	5	56	189	333	0	116
371	6	56	32	182	5	181
371	7	0	418	573	0	92
372	1	73	239	345	216	307
372	2	73	209	312	106	168
372	3	63	569	639	58	302
372	4	56	191	333	0	116
372	5	56	32	181	4	182
372	6	0	417	576	0	88
373	1	73	238	348	214	306
373	2	73	210	313	103	168
373	3	63	576	639	56	305
373	4	56	192	336	0	113
373	5	56	32	183	2	181
373	6	56	428	567	2	88
373	7	0	421	573	0	86
374	1	73	247	353	212	297
374	2	73	209	316	95	164
374	3	63	526	639	12	189
374	4	63	581	638	57	302
374	5	56	197	339	0	109
374	6	56	31	187	5	178
374	7	0	423	571	0	84
375	1	73	257	355	209	295
375	2	63	537	639	15	153
375	3	56	34	190	3	178
375	4	56	197	340	0	105
375	5	0	436	571	0	82
376	1	73	262	364	210	295
376	2	73	226	337	95	163
376	3	63	547	639	11	155
376	4	56	36	194	1	179
376	5	56	203	348	0	109
376	6	0	432	589	0	78
377	1	73	266	367	209	300
377	2	73	227	339	96	165
377	3	63	548	639	8	196
377	4	56	40	196	3	181
377	5	56	209	353	0	111
377	6	0	444	575	1	80
378	1	73	267	367	213	305
378	2	73	232	337	96	165
378	3	63	550	639	10	193
378	4	56	40	192	3	181
378	5	56	215	358	0	116
378	6	0	448	594	0	84
379	1	73	267	367	213	304
379	2	73	232	336	96	164
379	3	63	550	639	11	191
379	4	56	212	357	0	114
379	5	56	40	192	2	182
379	6	0	449	594	0	85
380	1	73	266	368	213	305
380	2	73	233	339	95	164
380	3	63	550	639	9	193
380	4	56	42	194	3	178
380	5	56	214	358	0	113
380	6	0	451	596	0	87
381	1	73	265	368	210	300
381	2	73	232	338	96	162
381	3	63	551	639	10	193
381	4	56	43	191	3	177
381	5	56	220	350	2	96
381	6	0	449	594	0	86
382	1	73	263	369	209	296
382	2	73	231	339	95	160
382	3	63	547	639	12	194
382	4	56	211	358	0	110
382	5	56	43	193	2	178
382	6	0	451	594	0	84
383	1	73	262	364	206	293
383	2	73	229	340	93	158
383	3	63	550	639	9	157
383	4	56	220	351	4	91
383	5	56	46	192	2	178
383	6	0	450	593	0	81
384	1	73	258	358	201	289
384	2	73	225	342	91	158
384	3	56	215	351	6	89
384	4	56	43	190	1	172
384	5	0	445	575	1	76
385	1	73	254	357	192	282
385	2	56	214	352	10	85
385	3	56	48	192	2	167
385	4	0	448	572	1	69
386	1	73	246	353	190	281
386	2	63	582	638	65	285
386	3	63	533	639	12	149
386	4	56	38	192	1	165
386	5	56	216	345	14	81
386	6	0	448	567	1	65
387	1	73	233	347	189	278
387	2	63	575	639	69	281
387	3	63	530	639	5	151
387	4	56	39	192	2	165
387	5	56	210	345	6	71
387	6	0	445	558	0	63
388	1	56	39	187	2	163
388	2	0	442	558	0	60
389	1	73	209	324	184	269
389	2	65	166	254	372	474
389	3	63	528	639	26	280
389	4	56	37	183	1	161
389	5	0	427	532	0	53
390	1	73	205	309	181	267
390	2	66	557	639	347	468
390	3	65	157	247	366	470
390	4	63	525	639	34	272
390	5	63	483	633	2	159
390	6	56	17	157	3	156
390	7	0	418	530	0	53
391	1	73	194	306	180	266
391	2	63	518	639	36	263
391	3	63	482	629	4	149
391	4	56	16	159	5	156
392	1	73	180	294	185	273
392	2	66	536	638	338	472
392	3	65	132	221	376	479
392	4	63	476	629	2	156
392	5	56	11	151	7	157
393	1	73	171	285	187	273
393	2	63	484	636	31	285
393	3	63	444	615	6	160
393	4	56	10	141	4	160
393	5	0	379	493	0	57
394	1	73	156	273	188	273
394	2	63	478	637	36	266
394	3	56	6	137	6	162
395	1	63	491	638	323	472
395	2	63	460	634	25	284
395	3	63	427	615	8	148
395	4	56	1	118	4	166
395	5	0	353	462	1	57
396	1	73	131	245	184	274
396	2	66	484	639	325	463
396	3	63	460	630	24	276
396	4	63	423	616	2	158
396	5	56	0	113	3	164
397	1	73	133	246	182	267
397	2	66	482	639	319	460
397	3	63	443	629	3	272
397	4	56	1	114	1	164
397	5	41	437	503	238	303
398	1	66	478	637	317	454
398	2	65	73	157	372	474
398	3	63	440	630	0	272
399	1	73	122	228	176	262
399	2	66	472	639	317	447
399	3	63	438	631	0	257
399	4	41	416	484	227	292
400	1	63	412	636	0	230
400	2	62	410	635	0	255
401	1	62	394	639	0	246
402	1	66	411	631	265	437
402	2	62	367	637	0	249
402	3	41	358	421	226	290
403	1	73	23	183	82	173
403	2	66	381	639	237	445
403	3	62	359	637	0	248
403	4	41	342	409	225	289
404	1	73	9	170	87	182
404	2	66	378	639	242	444
404	3	62	341	632	0	253
405	1	73	6	149	191	292
405	2	73	10	160	88	183
405	3	66	367	639	245	444
405	4	62	328	636	0	256
405	5	41	323	378	228	290
406	1	73	4	151	98	193
406	2	66	358	639	239	438
406	3	62	318	634	0	255
407	1	66	335	628	238	446
407	2	64	587	639	241	294
407	3	62	298	628	0	250
408	1	66	329	623	241	443
408	2	64	567	631	243	289
408	3	62	269	601	0	257
409	1	66	306	612	234	437
409	2	62	261	584	0	259
410	1	67	0	79	122	219
410	2	66	288	586	230	443
410	3	64	530	592	234	278
410	4	62	227	586	0	255
410	5	62	564	637	1	252
411	1	67	0	66	126	224
411	2	66	285	579	246	439
411	3	64	514	577	234	279
411	4	62	211	548	0	264
411	5	62	550	639	0	251
412	1	67	1	55	135	231
412	2	66	269	583	239	440
412	3	64	505	567	235	278
412	4	64	160	203	106	136
412	5	62	196	536	0	264
412	6	62	532	638	0	257
413	1	66	259	564	232	445
413	2	64	488	552	232	276
413	3	62	172	526	0	265
413	4	62	519	637	0	256
413	5	41	197	263	243	308
414	1	66	238	537	229	444
414	2	64	476	539	229	271
414	3	62	154	499	0	263
414	4	62	514	637	0	226
415	1	66	217	523	221	455
415	2	64	459	521	226	268
415	3	62	123	485	0	261
415	4	62	507	638	0	223
416	1	66	168	496	213	457
416	2	62	102	461	0	259
416	3	62	475	637	0	255
417	1	66	154	499	215	459
417	2	64	424	482	219	263
417	3	62	66	445	0	258
417	4	62	458	635	2	247
418	1	66	162	478	210	453
418	2	64	407	467	212	255
418	3	62	53	421	0	255
418	4	62	440	634	0	252
418	5	41	101	175	236	299
419	1	66	157	464	218	449
419	2	64	392	452	209	253
419	3	62	23	408	0	255
419	4	62	423	639	1	211
419	5	41	92	161	229	296
420	1	66	133	436	211	447
420	2	64	383	443	207	252
420	3	62	2	407	0	253
420	4	62	407	639	2	204
420	5	41	75	148	231	294
421	1	66	130	428	214	450
421	2	64	373	430	204	246
421	3	62	6	395	1	255
421	4	62	398	639	0	200
421	5	41	66	137	227	296
422	1	66	119	428	209	460
422	2	64	363	419	202	245
422	3	62	4	371	5	249
422	4	62	385	639	0	197
422	5	41	43	120	233	300
423	1	66	98	424	202	457
423	2	64	347	403	204	245
423	3	62	4	361	3	254
423	4	62	372	635	0	196
423	5	41	24	103	234	304
424	1	66	87	381	208	455
424	2	64	333	391	201	243
424	3	62	4	350	6	253
424	4	41	11	94	231	305
425	1	66	71	379	215	454
425	2	64	324	382	202	242
425	3	62	8	337	3	257
425	4	41	2	77	236	315
426	1	66	65	379	221	461
426	2	64	319	376	208	251
426	3	62	0	327	4	262
426	4	41	0	73	240	317
427	1	66	62	378	230	464
427	2	64	315	372	210	256
427	3	62	5	316	4	269
427	4	41	1	68	246	319
428	1	66	61	378	228	461
428	2	64	312	372	206	252
428	3	62	2	308	2	272
428	4	41	1	68	246	319
429	1	66	63	379	229	464
429	2	64	311	370	206	252
429	3	62	3	306	5	272
429	4	41	1	67	251	320
430	1	66	61	383	229	464
430	2	64	313	372	208	255
430	3	62	2	307	2	272
430	4	41	1	69	251	319
431	1	66	66	377	232	461
431	2	64	315	372	211	255
431	3	62	3	311	0	268
431	4	41	2	72	250	320
432	1	66	73	382	223	460
432	2	64	320	378	210	252
432	3	62	6	322	0	264
432	4	41	7	80	247	319
433	1	66	83	385	211	462
433	2	64	330	389	210	253
433	3	62	6	336	0	261
433	4	41	15	96	244	316
434	1	66	107	430	215	464
434	2	64	344	401	213	255
434	3	62	3	350	0	259
434	4	62	367	629	1	207
434	5	41	27	108	240	312
435	1	66	127	423	220	454
435	2	64	358	417	214	255
435	3	62	8	359	0	257
435	4	41	50	125	236	304
436	1	66	136	430	224	453
436	2	64	368	425	215	258
436	3	62	11	371	0	256
436	4	41	66	136	233	299
437	1	66	149	425	216	452
437	2	64	380	436	214	256
437	3	62	5	402	0	252
437	4	62	409	638	0	213
437	5	41	80	150	224	292
438	1	66	163	462	213	446
438	2	64	391	448	214	257
438	3	62	32	406	0	254
438	4	62	422	639	0	217
438	5	41	92	163	217	285
439	1	66	167	467	212	442
439	2	64	402	456	216	260
439	3	62	53	425	0	247
439	4	62	435	638	0	255
439	5	41	102	174	218	282
440	1	66	183	483	218	441
440	2	62	81	448	0	247
440	3	62	458	634	0	259
440	4	41	118	193	215	280
441	1	66	205	518	213	437
441	2	62	117	460	1	242
441	3	62	477	636	0	256
441	4	41	146	216	210	276
442	1	66	220	537	218	429
442	2	62	139	490	0	220
442	3	62	504	639	0	244
443	1	66	253	565	224	424
443	2	62	173	533	0	216
443	3	62	519	638	0	236
443	4	41	197	263	205	266
444	1	66	272	562	223	419
444	2	64	507	565	223	271
444	3	62	213	544	0	208
444	4	62	534	636	0	255
445	1	66	278	588	229	415
445	2	62	235	603	0	216
446	1	66	312	613	230	414
446	2	62	264	593	0	213
447	1	66	342	609	246	398
447	2	62	279	629	0	206
448	1	73	3	115	150	239
448	2	66	348	609	256	390
448	3	62	300	636	0	203
449	1	73	12	128	155	236
449	2	66	376	625	221	393
449	3	62	317	639	0	200
449	4	41	316	380	193	255
450	1	66	394	632	222	391
450	2	62	332	639	0	205
451	1	73	48	160	141	226
451	2	66	395	634	250	394
451	3	62	352	639	0	202
451	4	41	344	401	187	249
452	1	73	47	164	134	224
452	2	73	32	181	36	128
452	3	66	392	637	237	380
452	4	62	354	639	0	203
452	5	41	344	409	180	242
453	1	73	49	163	129	216
453	2	66	394	636	236	379
453	3	62	356	639	0	193
453	4	41	349	404	178	240
454	1	73	49	159	127	213
454	2	66	397	634	231	379
454	3	62	355	639	0	186
454	4	41	351	405	174	239
455	1	73	49	162	127	213
455	2	66	396	637	233	379
455	3	62	357	639	0	185
455	4	41	351	406	174	238
456	1	73	51	161	128	213
456	2	66	395	636	238	378
456	3	62	356	639	0	190
456	4	41	351	406	177	240
457	1	73	53	167	131	217
457	2	66	397	636	255	386
457	3	62	358	639	0	199
457	4	41	353	408	180	242
458	1	73	54	170	136	227
458	2	66	400	636	251	394
458	3	62	361	639	0	204
458	4	41	355	410	184	242
459	1	73	57	173	138	230
459	2	73	38	186	38	129
459	3	66	400	636	259	402
459	4	62	362	639	0	206
459	5	41	350	416	188	251
460	1	73	59	179	141	234
460	2	66	400	639	269	405
460	3	62	365	639	0	214
460	4	41	354	416	195	257
461	1	73	64	176	158	243
461	2	66	402	638	274	408
461	3	62	361	639	0	217
461	4	41	357	418	203	265
462	1	73	64	177	162	250
462	2	66	403	636	277	421
462	3	62	365	639	0	222
462	4	41	356	418	211	272
463	1	73	63	178	164	255
463	2	66	408	634	282	422
463	3	62	376	639	0	226
463	4	41	357	419	213	275
464	1	73	72	179	173	265
464	2	66	407	633	302	437
464	3	62	373	639	0	225
465	1	66	412	631	302	441
465	2	62	385	635	0	250
465	3	41	370	424	222	288
466	1	73	75	185	179	266
466	2	66	415	633	304	447
466	3	62	389	633	0	252
466	4	41	372	426	226	290
467	1	73	77	189	183	275
467	2	66	419	635	313	453
467	3	62	390	635	0	255
467	4	41	369	433	229	293
468	1	73	79	192	186	283
468	2	66	425	635	312	456
468	3	62	394	636	0	260
468	4	41	369	435	238	297
469	1	73	83	198	187	285
469	2	66	428	638	316	458
469	3	64	292	320	132	165
469	4	62	397	637	0	264
470	1	73	83	190	200	289
470	2	73	62	215	88	179
470	3	66	427	636	314	463
470	4	62	396	634	0	271
471	1	73	76	186	207	293
471	2	66	425	635	322	470
471	3	62	390	639	10	274
472	1	73	75	185	208	302
472	2	73	60	170	91	156
472	3	73	54	210	98	192
472	4	66	422	637	323	472
472	5	62	387	638	19	276
472	6	41	367	431	259	323
473	1	73	74	183	211	307
473	2	66	421	636	319	477
473	3	63	378	639	24	280
473	4	62	385	635	41	301
473	5	41	372	428	265	330
474	1	73	74	181	211	309
474	2	66	417	634	321	477
474	3	63	378	639	32	278
474	4	62	389	636	46	297
474	5	41	372	427	268	334
475	1	73	66	175	228	316
475	2	66	420	637	327	477
475	3	63	381	639	27	280
475	4	62	390	636	46	299
476	1	73	63	177	230	321
476	2	66	417	637	325	477
476	3	63	374	639	22	286
476	4	62	385	637	51	303
476	5	0	290	367	0	43
477	1	73	61	176	230	327
477	2	63	367	639	6	293
477	3	62	382	638	57	312
477	4	0	291	367	0	45
478	1	73	32	194	125	223
478	2	73	56	172	231	332
478	3	63	361	639	0	299
478	4	0	289	365	0	48
479	1	73	28	184	125	224
479	2	63	348	628	59	327
479	3	62	368	638	74	322
479	4	0	288	360	0	56
480	1	73	28	185	130	225
480	2	73	30	142	111	188
480	3	73	47	155	250	340
480	4	63	360	639	87	318
480	5	63	334	630	0	194
480	6	0	288	359	0	61
481	1	73	27	179	137	235
481	2	63	353	639	86	323
481	3	63	326	639	0	193
481	4	56	26	199	0	97
481	5	0	285	359	0	67
482	1	73	28	178	138	241
482	2	63	355	639	80	329
482	3	62	367	636	106	342
482	4	56	21	202	0	111
482	5	56	278	351	3	71
482	6	0	286	363	1	72
483	1	73	28	181	150	250
483	2	73	15	164	268	386
483	3	63	364	639	118	353
483	4	56	20	205	0	109
483	5	0	282	385	2	79
484	1	73	23	181	155	260
484	2	73	16	163	273	386
484	3	63	361	639	127	364
484	4	63	338	632	20	256
484	5	56	24	202	0	107
484	6	0	281	390	0	89
485	1	73	13	162	281	395
485	2	73	30	140	142	220
485	3	73	26	180	170	274
485	4	63	356	639	136	370
485	5	63	334	633	26	249
485	6	56	20	194	4	119
485	7	0	278	437	1	99
486	1	73	10	162	290	410
486	2	73	26	179	175	275
486	3	63	336	629	31	245
486	4	63	353	639	123	376
486	5	56	18	197	5	120
486	6	0	278	436	0	109
487	1	73	24	182	176	281
487	2	73	10	162	294	417
487	3	63	353	639	112	381
487	4	63	334	635	33	251
487	5	56	19	195	4	122
487	6	0	280	434	0	113
488	1	73	9	163	295	418
488	2	73	24	180	181	285
488	3	63	335	633	31	248
488	4	63	362	638	166	396
488	5	56	19	194	4	122
488	6	0	279	432	0	112
489	1	73	11	160	299	416
489	2	73	26	178	187	287
489	3	63	332	636	32	254
489	4	63	363	639	168	397
489	5	56	19	198	3	123
489	6	0	280	434	0	114
490	1	73	24	180	186	286
490	2	73	5	162	302	436
490	3	63	363	639	167	397
490	4	63	338	632	34	250
490	5	56	6	200	2	149
490	6	0	279	434	0	117
491	1	73	24	179	189	285
491	2	73	3	162	299	438
491	3	63	329	637	30	250
491	4	63	351	639	111	385
491	5	62	363	638	164	396
491	6	56	7	199	3	145
491	7	0	278	433	0	114
492	1	73	8	161	295	418
492	2	63	352	639	99	385
492	3	63	332	635	27	253
492	4	62	364	637	161	397
492	5	56	8	198	5	141
492	6	0	277	432	0	113
493	1	73	8	154	296	414
493	2	73	27	176	179	284
493	3	63	329	638	30	244
493	4	63	361	636	159	395
493	5	56	17	196	5	122
493	6	0	273	435	0	111
494	1	73	2	159	286	405
494	2	73	28	176	174	273
494	3	63	331	634	30	248
494	4	63	352	639	130	375
494	5	62	364	633	153	392
494	6	56	17	195	6	119
494	7	0	273	436	0	107
495	1	73	8	157	279	392
495	2	63	328	632	30	246
495	3	63	353	639	136	371
495	4	56	18	192	4	118
495	5	0	269	444	2	99
496	1	73	5	159	274	385
496	2	73	12	172	147	257
496	3	66	416	638	427	479
496	4	63	331	631	29	247
496	5	63	338	636	121	375
496	6	62	352	639	136	369
496	7	56	18	190	0	122
496	8	0	270	447	1	95
497	1	63	345	639	26	363
497	2	56	20	190	1	117
497	3	0	278	445	0	98
498	1	73	22	186	153	251
498	2	73	13	164	267	381
498	3	62	363	639	125	355
498	4	63	337	629	23	263
498	5	56	24	198	0	104
498	6	0	291	410	3	87
499	1	73	24	185	138	245
499	2	66	399	633	397	479
499	3	63	350	639	55	337
499	4	62	365	639	113	348
499	5	56	18	209	0	113
499	6	0	299	407	0	82
500	1	73	23	186	142	244
500	2	63	353	639	67	335
500	3	62	363	639	110	347
500	4	56	21	208	0	110
500	5	0	297	409	0	84
501	1	73	25	186	136	235
501	2	73	35	154	258	355
501	3	63	354	639	78	327
501	4	62	366	635	100	344
501	5	56	25	208	0	109
501	6	0	299	408	0	82
502	1	73	24	183	127	231
502	2	73	17	164	243	352
502	3	63	342	633	77	326
502	4	63	337	625	10	156
502	5	62	368	632	98	342
502	6	56	23	205	0	108
502	7	41	343	405	310	374
502	8	0	290	364	2	76
503	1	73	31	180	128	227
503	2	73	15	166	231	344
503	3	63	356	639	92	315
503	4	56	27	205	0	106
503	5	0	289	358	2	73
504	1	73	36	155	234	330
504	2	73	31	179	99	218
504	3	63	357	639	82	311
504	4	56	34	203	0	96
504	5	0	289	359	1	70
505	1	73	26	180	103	211
505	2	73	38	153	228	315
505	3	66	395	629	363	479
505	4	63	360	639	70	299
505	5	41	342	405	284	348
505	6	0	288	363	2	65
506	1	73	25	185	98	205
506	2	66	390	632	330	479
506	3	63	344	630	60	299
506	4	62	364	639	67	291
506	5	41	345	407	278	340
506	6	0	287	361	0	60
507	1	73	49	163	210	302
507	2	73	29	187	97	199
507	3	66	396	634	330	477
507	4	63	332	634	13	282
507	5	62	369	635	57	294
507	6	41	345	409	271	337
507	7	0	289	362	0	54
508	1	73	32	201	94	191
508	2	73	54	170	209	296
508	3	66	400	633	325	475
508	4	63	364	639	41	272
508	5	62	375	633	50	294
508	6	41	350	415	268	328
508	7	0	291	368	0	51
509	1	73	34	204	91	182
509	2	73	63	175	205	287
509	3	66	405	635	326	472
509	4	63	374	639	40	270
509	5	62	381	633	44	300
509	6	41	353	419	262	321
509	7	0	296	371	0	46
510	1	73	50	209	88	180
510	2	66	409	632	321	471
510	3	62	380	639	29	267
510	4	0	297	377	0	42
511	1	73	51	213	89	181
511	2	73	73	186	192	282
511	3	66	409	634	325	466
511	4	62	386	639	27	266
511	5	41	369	425	252	315
511	6	0	302	377	0	43
512	1	73	74	187	190	282
512	2	66	413	634	326	459
512	3	62	388	638	16	264
512	4	41	371	425	246	311
512	5	0	300	379	0	41
513	1	73	76	189	187	278
513	2	66	414	635	321	452
513	3	62	391	636	11	264
513	4	56	72	234	6	58
513	5	41	372	427	240	303
514	1	73	76	190	185	274
514	2	66	411	631	311	448
514	3	62	392	638	7	263
514	4	41	370	425	237	297
515	1	73	80	192	186	271
515	2	66	417	630	309	446
515	3	62	391	639	1	258
515	4	56	74	235	8	58
515	5	41	368	433	231	292
516	1	73	85	195	181	265
516	2	66	419	636	310	436
516	3	62	392	637	0	252
516	4	56	76	236	5	59
516	5	41	371	434	227	290
517	1	73	87	195	178	262
517	2	66	421	637	293	418
517	3	62	391	633	0	247
517	4	56	77	238	5	58
517	5	41	376	430	222	285
518	1	73	80	196	169	256
518	2	66	417	636	289	413
518	3	62	390	635	0	222
518	4	41	376	428	217	278
519	1	73	80	193	167	254
519	2	66	413	638	287	409
519	3	62	388	635	0	221
519	4	56	82	231	5	52
519	5	41	371	426	212	274
520	1	73	78	190	161	247
520	2	66	415	639	280	399
520	3	62	383	637	1	216
520	4	41	372	427	205	266
521	1	73	81	191	156	239
521	2	66	408	638	274	395
521	3	62	380	639	0	210
521	4	41	373	427	199	261
522	1	73	83	194	146	230
522	2	66	406	634	266	381
522	3	62	381	639	0	214
522	4	41	369	424	189	250
523	1	73	76	188	141	226
523	2	66	409	639	248	365
523	3	62	379	639	0	206
523	4	41	371	424	181	242
524	1	73	76	190	132	216
524	2	66	411	639	241	359
524	3	62	374	639	0	192
524	4	41	372	424	170	235
525	1	73	74	185	126	212
525	2	66	407	639	230	359
525	3	62	369	639	0	185
525	4	41	366	416	166	221
526	1	73	69	184	112	197
526	2	66	400	635	218	340
526	3	62	365	639	0	182
526	4	41	364	416	151	213
527	1	73	63	178	110	188
527	2	66	404	635	209	328
527	3	65	21	105	280	366
527	4	62	379	637	4	159
527	5	41	362	415	143	204
528	1	73	71	181	104	186
528	2	66	405	636	196	318
528	3	62	389	634	6	161
528	4	41	363	414	139	199
529	1	73	72	181	96	179
529	2	66	406	637	180	320
529	3	62	383	637	4	150
529	4	41	364	417	129	189
530	1	73	62	179	90	175
530	2	66	406	636	177	312
530	3	62	374	639	11	111
530	4	41	365	416	118	180
531	1	73	62	177	89	170
531	2	66	405	633	171	306
531	3	62	369	639	9	110
531	4	41	360	417	115	177
532	1	73	62	176	81	165
532	2	66	404	632	166	297
532	3	62	365	639	10	107
532	4	41	360	413	109	169
533	1	73	61	174	79	162
533	2	66	403	632	162	278
533	3	62	371	639	10	105
533	4	41	360	411	97	164
534	1	73	57	169	70	153
534	2	66	403	630	146	273
534	3	62	374	639	11	102
534	4	41	347	414	93	158
535	1	73	49	161	62	142
535	2	66	399	636	140	273
535	3	62	366	638	9	103
535	4	41	350	405	85	153
536	1	73	49	158	55	137
536	2	66	399	633	133	261
536	3	62	361	639	11	86
536	4	41	353	405	76	141
537	1	73	51	159	54	137
537	2	66	402	633	129	258
537	3	62	367	639	7	83
537	4	41	353	407	72	138
538	1	73	57	165	47	129
538	2	66	404	632	126	254
538	3	62	369	639	8	81
538	4	41	355	410	71	135
539	1	73	58	167	47	129
539	2	66	406	631	119	255
539	3	62	370	637	4	79
539	4	41	356	411	68	133
540	1	73	54	161	54	137
540	2	66	404	633	126	257
540	3	62	366	639	6	79
540	4	41	353	409	69	136
541	1	73	57	164	56	140
541	2	66	401	635	131	270
541	3	65	20	105	227	314
541	4	62	375	639	11	91
541	5	41	354	408	78	144
542	1	73	56	165	61	148
542	2	66	401	634	137	272
542	3	62	376	638	14	96
542	4	41	353	409	87	151
543	1	73	57	165	69	155
543	2	66	402	633	143	274
543	3	62	369	637	9	102
543	4	41	353	407	91	157
544	1	73	57	162	79	161
544	2	66	400	633	162	282
544	3	62	365	639	7	104
544	4	41	352	406	96	163
545	1	73	56	166	80	164
545	2	66	402	631	166	297
545	3	62	364	639	10	106
545	4	41	352	406	107	171
546	1	73	55	167	82	170
546	2	66	400	633	173	307
546	3	62	363	639	11	109
546	4	41	352	407	111	179
547	1	66	400	637	184	321
547	2	62	370	639	4	148
547	3	41	353	406	120	191
548	1	73	56	171	108	192
548	2	66	401	634	192	325
548	3	62	371	635	5	159
548	4	41	353	408	137	203
549	1	73	58	174	116	204
549	2	66	396	637	210	339
549	3	62	372	635	4	158
549	4	41	347	413	143	211
550	1	73	60	173	130	215
550	2	66	399	636	218	363
550	3	62	361	639	0	185
550	4	41	356	411	157	220
551	1	73	61	178	140	229
551	2	66	409	635	229	369
551	3	62	359	639	0	188
551	4	41	358	414	169	234
552	1	73	66	175	156	237
552	2	66	410	635	230	375
552	3	62	364	639	0	198
552	4	41	364	418	182	240
553	1	73	72	180	157	249
553	2	66	410	635	259	383
553	3	62	373	639	0	208
553	4	41	368	422	186	250
554	1	73	76	186	165	258
554	2	73	72	206	91	162
554	3	73	58	166	73	132
554	4	66	418	636	265	402
554	5	62	370	639	0	216
554	6	41	371	426	196	261
555	1	73	76	183	176	263
555	2	66	424	637	275	404
555	3	62	378	639	0	222
555	4	56	50	208	0	98
555	5	41	373	427	205	267
556	1	73	75	186	183	269
556	2	73	71	204	94	167
556	3	66	424	637	279	412
556	4	62	384	637	0	249
556	5	56	49	220	3	68
556	6	41	372	426	210	275
557	1	73	78	188	186	278
557	2	66	425	639	283	419
557	3	62	383	637	0	250
557	4	56	49	224	5	66
557	5	41	376	430	216	280
558	1	73	79	192	192	281
558	2	66	425	638	306	435
558	3	62	388	635	0	255
558	4	56	57	219	0	106
558	5	41	377	430	225	290
559	1	73	81	189	201	287
559	2	66	428	638	307	443
559	3	62	389	634	0	259
559	4	56	48	218	0	111
559	5	41	377	431	229	293
559	6	0	291	367	0	53
560	1	73	81	190	203	289
560	2	66	430	636	314	452
560	3	62	389	637	0	263
560	4	56	53	216	0	113
560	5	0	293	368	0	55
561	1	73	78	189	209	300
561	2	66	429	638	313	456
561	3	62	390	638	0	270
561	4	56	55	211	0	118
561	5	41	378	431	244	309
561	6	0	296	367	2	59
562	1	73	77	189	212	305
562	2	66	431	634	323	460
562	3	62	392	638	1	273
562	4	56	54	207	0	119
562	5	41	375	430	250	314
562	6	0	296	367	4	64
563	1	73	77	189	213	308
563	2	73	54	209	106	208
563	3	66	426	637	320	468
563	4	62	390	639	8	277
563	5	56	52	207	0	116
563	6	41	375	430	255	317
563	7	0	298	366	3	65
564	1	73	75	182	223	313
564	2	66	423	639	331	473
564	3	62	389	639	15	278
564	4	56	51	208	0	117
564	5	41	376	430	260	325
564	6	0	298	367	3	67
565	1	73	76	185	226	317
565	2	73	59	206	109	210
565	3	66	428	639	328	476
565	4	64	19	82	432	479
565	5	62	393	638	19	284
565	6	56	53	201	0	116
565	7	41	377	430	266	334
565	8	0	301	368	2	71
566	1	73	74	185	230	319
566	2	73	60	173	117	182
566	3	66	430	633	353	479
566	4	62	394	636	23	283
566	5	56	50	205	0	118
566	6	41	375	429	275	339
566	7	0	300	368	1	75
567	1	73	60	208	124	221
567	2	73	77	190	234	329
567	3	66	432	632	362	479
567	4	62	398	633	39	308
567	5	56	51	210	0	118
567	6	0	302	370	1	78
568	1	73	79	193	237	333
568	2	73	60	210	129	227
568	3	67	291	319	181	212
568	4	66	432	630	370	479
568	5	62	398	638	46	310
568	6	56	51	213	0	123
568	7	41	372	438	286	349
568	8	0	302	371	0	85
569	1	73	80	187	249	338
569	2	73	59	215	132	230
569	3	62	396	637	48	314
569	4	56	51	217	0	124
569	5	0	301	375	0	90
570	1	73	79	192	253	346
570	2	63	385	639	13	293
570	3	62	397	635	49	322
570	4	56	53	218	0	125
570	5	0	302	409	0	94
571	1	73	79	191	258	356
571	2	73	61	211	149	251
571	3	63	380	639	10	293
571	4	62	394	639	58	325
571	5	56	51	217	1	123
571	6	56	315	430	0	93
571	7	0	303	441	0	101
572	1	73	57	213	150	257
572	2	63	379	638	8	290
572	3	62	391	639	60	331
572	4	56	42	223	3	145
572	5	56	319	428	1	96
572	6	0	303	446	0	104
573	1	73	57	214	152	258
573	2	63	393	639	74	331
573	3	62	402	634	95	348
573	4	56	42	227	5	147
573	5	56	318	431	2	99
573	6	41	379	442	321	386
573	7	0	305	446	0	107
574	1	73	61	209	154	263
574	2	63	388	639	56	339
574	3	62	397	636	94	354
574	4	56	39	228	5	156
574	5	56	319	429	4	101
574	6	0	305	444	0	112
575	1	63	384	638	54	342
575	2	62	396	635	100	356
575	3	56	40	228	5	158
575	4	0	302	445	0	116
576	1	73	80	178	167	237
576	2	73	65	215	172	280
576	3	63	396	635	99	367
576	4	56	44	226	5	158
576	5	41	385	443	344	411
576	6	0	306	444	0	119
577	1	73	63	214	177	288
577	2	63	378	639	35	356
577	3	56	46	223	5	164
577	4	0	304	443	0	124
578	1	73	62	214	181	289
578	2	73	65	171	173	247
578	3	62	391	639	127	378
578	4	63	356	612	35	252
578	5	56	41	225	2	164
578	6	0	303	443	0	128
579	1	73	58	214	191	296
579	2	73	59	168	189	256
579	3	63	386	639	116	384
579	4	62	396	636	146	400
579	5	63	370	630	42	255
579	6	56	33	224	3	171
579	7	0	302	440	0	128
580	1	73	56	211	199	304
580	2	73	60	169	191	261
580	3	63	381	639	105	386
580	4	62	395	637	154	402
580	5	56	31	226	4	180
580	6	0	301	436	0	130
581	1	73	58	212	198	304
581	2	73	35	193	317	438
581	3	63	380	639	92	389
581	4	56	28	225	5	181
581	5	0	300	435	0	130
582	1	73	52	209	202	305
582	2	73	32	193	317	448
582	3	63	373	639	86	393
582	4	56	28	224	4	181
582	5	0	299	436	0	131
583	1	73	48	206	202	307
583	2	73	58	162	191	266
583	3	63	386	639	165	415
583	4	63	365	634	65	319
583	5	56	26	220	6	179
583	6	0	298	440	5	140
584	1	63	378	639	173	422
584	2	63	364	632	68	314
584	3	56	25	216	8	178
584	4	0	293	437	2	143
585	1	73	37	196	202	308
585	2	63	363	639	68	419
585	3	56	20	209	7	178
585	4	0	289	434	3	141
586	1	73	27	186	326	449
586	2	63	361	639	71	423
586	3	56	17	210	7	180
586	4	0	289	435	4	144
587	1	63	363	639	64	428
587	2	56	16	209	6	181
587	3	0	288	433	3	142
588	1	73	34	192	219	322
588	2	63	362	639	64	425
588	3	56	14	205	9	181
588	4	0	287	432	3	142
589	1	73	31	191	218	326
589	2	63	346	628	72	296
589	3	63	371	639	185	422
589	4	56	12	203	13	182
589	5	0	281	433	3	141
590	1	73	29	188	220	324
590	2	63	369	639	185	421
590	3	63	346	628	72	294
590	4	56	10	201	13	183
590	5	0	277	428	0	133
591	1	73	31	188	223	327
591	2	63	370	639	178	425
591	3	63	348	625	70	294
591	4	56	9	201	18	180
591	5	0	272	429	0	133
592	1	73	29	193	224	328
592	2	63	373	639	182	423
592	3	63	362	632	56	318
592	4	56	8	202	16	182
592	5	0	274	429	0	133
593	1	73	31	198	222	328
593	2	63	376	639	179	425
593	3	63	364	631	57	321
593	4	56	9	202	16	184
593	5	0	277	428	0	134
594	1	73	31	192	216	326
594	2	73	24	187	336	460
594	3	63	375	639	178	422
594	4	63	362	633	55	322
594	5	56	10	202	16	184
594	6	0	278	428	0	133
595	1	73	25	187	330	457
595	2	73	33	191	203	310
595	3	63	376	639	174	425
595	4	63	363	635	50	333
595	5	56	9	201	13	179
595	6	0	279	427	0	132
596	1	73	35	196	205	308
596	2	63	377	639	174	423
596	3	63	363	634	56	321
596	4	56	13	205	13	177
596	5	0	280	429	0	133
597	1	73	36	194	203	307
597	2	63	367	639	53	423
597	3	56	14	208	7	179
597	4	0	286	428	0	133
598	1	73	34	196	206	305
598	2	63	365	639	58	416
598	3	56	16	208	4	180
598	4	0	288	431	0	132
599	1	73	35	200	196	299
599	2	73	24	186	312	438
599	3	63	366	639	71	402
599	4	56	20	209	6	173
599	5	0	292	431	0	129
600	1	73	34	198	190	298
600	2	63	372	639	169	399
600	3	56	19	213	5	165
600	4	0	291	433	0	128
601	1	73	48	197	187	283
601	2	73	31	177	295	412
601	3	63	367	639	115	379
601	4	62	376	636	156	394
601	5	63	347	623	47	247
601	6	56	29	214	7	151
601	7	41	192	276	245	405
601	8	0	293	435	0	125
602	1	73	34	199	176	275
602	2	63	372	639	128	374
602	3	63	352	619	38	251
602	4	56	20	214	2	155
602	5	0	296	437	0	120
603	1	73	38	201	171	276
603	2	73	53	171	281	383
603	3	63	372	638	133	366
603	4	63	347	624	35	250
603	5	56	30	214	3	149
603	6	56	302	417	6	108
603	7	0	294	440	0	117
604	1	73	79	198	167	251
604	2	73	59	161	143	212
604	3	63	376	639	125	358
604	4	63	354	614	26	255
604	5	56	43	209	1	120
604	6	0	302	445	0	109
605	1	73	61	176	257	353
605	2	73	46	208	139	239
605	3	63	374	639	61	333
605	4	56	46	208	0	116
605	5	0	306	449	0	105
606	1	73	58	211	131	229
606	2	73	61	168	119	191
606	3	73	65	176	253	340
606	4	63	379	639	80	324
606	5	56	53	214	0	108
606	6	0	315	434	3	86
607	1	73	64	213	125	224
607	2	73	74	189	235	331
607	3	73	59	176	116	184
607	4	63	388	639	84	317
607	5	56	49	228	0	109
607	6	41	373	437	302	365
607	7	0	313	401	1	80
608	1	63	393	639	74	317
608	2	56	72	243	0	107
608	3	0	319	391	2	74
609	1	73	82	189	100	166
609	2	66	433	628	365	479
609	3	62	401	635	60	310
609	4	56	81	245	0	100
609	5	56	0	107	3	205
609	6	41	378	446	286	347
609	7	0	321	396	2	67
610	1	73	89	192	96	166
610	2	73	81	226	102	211
610	3	66	438	631	358	479
610	4	63	394	639	15	290
610	5	62	404	636	50	302
610	6	56	84	245	0	100
610	7	56	0	110	6	194
610	8	0	325	399	2	63
611	1	73	97	209	208	301
611	2	73	80	231	101	203
611	3	66	436	633	354	479
611	4	63	403	637	27	283
611	5	62	410	632	45	300
611	6	56	92	244	0	95
611	7	56	0	106	0	174
611	8	0	335	408	0	59
612	1	76	123	229	305	395
612	2	73	97	207	204	291
612	3	73	77	237	96	191
612	4	66	431	639	338	474
612	5	63	404	636	27	276
612	6	62	411	631	40	303
612	7	56	0	107	3	171
612	8	41	392	449	262	325
612	9	0	329	401	1	51
613	1	73	100	205	200	285
613	2	66	436	636	331	472
613	3	63	405	636	26	274
613	4	62	410	633	41	303
613	5	56	0	107	3	171
613	6	41	393	450	260	320
613	7	0	334	411	0	51
614	1	73	82	237	91	184
614	2	73	102	214	192	283
614	3	66	436	636	332	468
614	4	63	406	637	16	269
614	5	56	1	105	1	174
614	6	56	78	254	4	73
614	7	41	392	454	252	316
615	1	73	103	216	190	282
615	2	73	82	237	89	181
615	3	66	448	639	330	459
615	4	63	409	636	9	264
615	5	56	95	260	9	63
615	6	56	1	108	0	174
615	7	41	391	456	246	312
616	1	73	107	221	189	279
616	2	66	453	636	326	453
616	3	62	414	633	3	264
616	4	56	0	80	1	167
616	5	41	391	458	241	305
617	1	73	112	225	186	273
617	2	66	449	639	322	449
617	3	62	421	633	0	267
617	4	56	97	264	8	65
617	5	41	395	462	236	298
618	1	73	113	223	178	263
618	2	66	446	639	318	437
618	3	62	416	632	0	262
618	4	41	399	462	224	289
619	1	73	110	227	168	255
619	2	66	450	638	307	430
619	3	62	418	635	0	223
619	4	41	397	463	217	278
620	1	73	107	219	160	245
620	2	66	448	639	293	413
620	3	62	409	638	0	244
620	4	41	393	461	210	272
621	1	73	101	209	152	238
621	2	66	436	637	284	402
621	3	65	46	126	335	422
621	4	63	405	638	0	214
621	5	62	405	637	0	244
621	6	41	395	450	201	265
622	1	73	98	212	143	232
622	2	66	432	637	277	396
622	3	62	400	639	0	206
622	4	41	394	449	193	256
623	1	73	98	211	142	229
623	2	66	430	636	271	390
623	3	62	401	639	0	206
623	4	41	392	449	188	251
624	1	73	97	209	138	223
624	2	66	430	636	266	377
624	3	62	402	639	0	208
624	4	41	394	448	181	243
625	1	73	99	210	134	218
625	2	66	435	637	248	367
625	3	62	400	639	0	197
625	4	41	395	449	174	239
626	1	73	100	209	132	214
626	2	66	436	636	248	364
626	3	62	401	639	0	194
626	4	41	395	450	170	235
627	1	73	99	208	130	214
627	2	66	433	638	245	359
627	3	62	399	639	0	192
627	4	41	393	449	167	229
628	1	73	98	206	125	212
628	2	66	437	635	229	355
628	3	62	411	637	1	170
628	4	41	389	442	163	221
629	1	73	98	206	116	200
629	2	66	435	635	224	347
629	3	62	412	638	0	169
629	4	41	389	443	155	214
630	1	73	95	206	108	191
630	2	66	429	636	218	336
630	3	62	411	639	0	166
630	4	41	386	442	144	206
631	1	73	88	199	105	186
631	2	66	426	638	201	317
631	3	62	411	637	0	163
631	4	41	384	439	134	195
632	1	73	83	196	85	170
632	2	66	418	638	191	312
632	3	62	398	639	2	117
632	4	41	373	439	119	185
633	1	73	76	187	79	161
633	2	66	418	636	173	297
633	3	62	395	638	0	112
633	4	41	376	433	105	171
634	1	73	71	183	66	147
634	2	66	414	635	168	283
634	3	62	393	639	8	98
634	4	41	374	430	94	163
635	1	73	63	175	58	138
635	2	66	411	636	150	266
635	3	62	393	638	10	95
635	4	41	369	424	86	151
636	1	73	59	175	47	126
636	2	66	404	635	139	268
636	3	62	388	638	10	87
636	4	41	363	418	76	142
637	1	66	403	632	127	261
637	2	62	375	639	7	78
637	3	41	351	419	66	134
638	1	73	45	159	33	117
638	2	66	401	630	125	250
638	3	62	372	634	9	53
638	4	41	346	413	61	128
639	1	73	40	150	33	114
639	2	66	399	633	117	236
639	3	62	363	592	4	43
639	4	41	352	407	50	119
640	1	66	399	633	112	227
640	2	41	349	404	42	111
641	1	73	39	148	18	104
641	2	66	398	634	97	218
641	3	41	349	402	37	105
642	1	73	39	148	15	98
642	2	66	398	634	94	213
642	3	41	348	402	32	97
643	1	73	34	145	11	95
643	2	66	396	637	84	213
643	3	41	348	398	23	95
644	1	66	397	633	79	200
644	2	41	345	396	15	85
645	1	66	391	633	66	194
645	2	41	339	392	8	74
646	1	66	393	626	36	183
646	2	41	335	388	0	69
647	1	66	386	634	41	173
647	2	41	333	382	0	63
648	1	66	383	632	41	169
648	2	41	333	382	1	61
649	1	66	383	632	39	169
649	2	41	333	381	1	58
650	1	66	385	635	36	168
650	2	41	332	379	0	58
651	1	66	385	636	37	169
651	2	41	333	380	0	58
652	1	66	389	629	39	172
652	2	41	335	383	0	61
653	1	66	388	633	40	170
653	2	41	335	384	0	63
654	1	66	390	629	39	177
654	2	41	338	386	0	62
655	1	66	391	634	57	189
655	2	41	339	391	0	70
656	1	66	397	634	61	196
656	2	41	342	391	10	79
657	1	73	36	140	9	89
657	2	66	396	634	63	206
657	3	41	346	398	11	83
658	1	66	399	636	80	218
658	2	41	349	403	19	94
659	1	73	43	146	32	114
659	2	66	403	634	88	220
659	3	41	351	404	36	104
660	1	73	41	149	33	116
660	2	66	399	634	91	223
660	3	62	345	562	0	49
660	4	41	352	405	40	109
661	1	73	49	155	36	126
661	2	66	400	634	107	246
661	3	62	355	553	6	42
661	4	41	354	408	50	122
662	1	73	51	155	52	139
662	2	66	404	631	114	259
662	3	62	372	632	1	80
662	4	41	353	409	62	133
663	1	73	57	165	56	138
663	2	66	406	632	123	263
663	3	62	370	639	4	77
663	4	41	358	416	67	136
664	1	73	63	174	61	150
664	2	66	412	636	130	272
664	3	62	383	634	10	89
664	4	41	365	418	78	146
665	1	73	68	169	80	161
665	2	66	412	638	159	282
665	3	62	384	639	13	100
665	4	41	368	423	88	157
666	1	73	71	180	77	168
666	2	66	416	637	163	294
666	3	62	390	637	11	102
666	4	41	370	425	96	166
667	1	73	75	180	89	177
667	2	66	417	636	171	309
667	3	62	382	639	6	114
667	4	44	127	158	243	360
667	5	41	371	424	110	176
668	1	73	75	186	100	192
668	2	66	417	638	186	319
668	3	62	382	639	6	115
668	4	41	374	427	122	191
669	1	73	80	185	113	201
669	2	66	417	637	213	330
669	3	62	389	637	1	161
669	4	41	372	427	134	202
670	1	73	81	189	127	212
670	2	66	420	638	219	346
670	3	62	381	639	0	187
670	4	41	375	431	148	216
671	1	73	83	193	132	218
671	2	66	424	635	232	362
671	3	62	389	639	0	190
671	4	41	377	433	161	225
672	1	73	86	199	141	230
672	2	66	426	639	241	367
672	3	62	392	639	0	196
672	4	41	374	441	169	235
673	1	73	90	198	155	239
673	2	73	97	219	70	141
673	3	66	422	636	264	383
673	4	62	395	639	0	210
673	5	41	383	440	185	248
674	1	73	89	201	160	245
674	2	66	430	638	270	403
674	3	62	401	639	0	218
674	4	41	381	443	192	256
675	1	73	100	202	167	251
675	2	66	431	638	281	410
675	3	62	401	638	0	251
675	4	41	387	442	205	267
676	1	73	90	201	183	264
676	2	73	98	226	91	170
676	3	66	432	639	296	416
676	4	62	401	636	0	248
676	5	56	81	241	3	63
676	6	41	386	442	217	277
677	1	73	89	202	185	273
677	2	73	95	223	94	172
677	3	66	431	636	312	441
677	4	62	401	635	0	251
677	5	56	79	244	3	62
677	6	56	2	79	8	191
677	7	41	388	443	228	288
678	1	73	96	205	188	283
678	2	66	434	637	318	454
678	3	62	405	635	0	259
678	4	56	82	244	0	93
678	5	41	387	443	238	297
679	1	73	96	205	201	289
679	2	66	448	639	324	460
679	3	62	407	634	0	272
679	4	56	83	247	0	100
679	5	56	1	81	8	197
679	6	41	392	450	240	308
679	7	0	314	388	1	54
680	1	73	96	207	205	293
680	2	73	79	225	100	201
680	3	66	446	639	336	468
680	4	62	409	633	0	274
680	5	56	87	247	0	103
680	6	56	1	108	2	203
680	7	41	393	448	248	314
680	8	0	313	392	2	58
681	1	73	82	227	107	203
681	2	73	96	204	212	302
681	3	66	436	636	339	469
681	4	62	407	633	1	285
681	5	56	88	244	0	107
681	6	41	392	448	260	321
681	7	0	316	390	2	64
682	1	73	88	199	230	309
682	2	73	80	191	103	169
682	3	66	438	635	330	474
682	4	62	405	635	13	285
682	5	56	71	242	0	110
682	6	56	1	85	1	209
682	7	41	381	445	266	330
682	8	0	315	389	2	69
683	1	66	439	631	358	479
683	2	62	404	633	21	285
683	3	56	69	243	0	103
683	4	56	307	376	3	68
683	5	41	381	443	272	334
683	6	0	315	387	2	68
684	1	73	84	198	231	323
684	2	73	97	223	139	218
684	3	73	74	189	115	182
684	4	62	404	633	33	314
684	5	56	70	238	0	113
684	6	56	308	375	3	72
684	7	41	382	445	277	343
684	8	0	313	386	2	72
685	1	73	86	203	234	334
685	2	67	302	329	177	211
685	3	62	406	635	37	315
685	4	56	70	237	0	115
685	5	0	315	385	1	79
686	1	73	86	185	121	193
686	2	73	89	199	253	337
686	3	62	405	636	45	319
686	4	56	73	235	5	120
686	5	56	2	81	0	221
686	6	0	313	388	0	84
687	1	73	87	200	253	345
687	2	73	80	191	138	206
687	3	63	394	639	14	296
687	4	62	404	637	47	321
687	5	56	60	223	0	125
687	6	41	390	451	301	366
687	7	0	310	389	0	89
688	1	73	87	201	259	353
688	2	73	79	190	139	209
688	3	63	395	639	9	299
688	4	62	403	639	47	325
688	5	56	59	224	0	126
688	6	41	392	452	307	374
688	7	0	308	395	0	93
689	1	73	86	202	259	361
689	2	73	81	185	142	212
689	3	63	405	638	66	330
689	4	56	52	232	1	151
689	5	56	0	109	10	250
689	6	0	324	433	0	94
690	1	63	398	639	70	332
690	2	62	404	638	95	350
690	3	56	43	233	4	146
690	4	56	0	112	16	243
690	5	56	317	437	0	95
690	6	0	307	449	0	102
691	1	73	81	193	276	363
691	2	63	386	638	8	297
691	3	62	398	639	48	338
691	4	56	42	233	0	152
691	5	56	2	81	9	245
691	6	0	309	450	0	100
692	1	73	79	194	279	372
692	2	63	396	637	41	347
692	3	56	45	232	4	147
692	4	56	1	82	6	247
692	5	0	307	450	0	105
693	1	73	57	206	275	383
693	2	63	391	637	37	348
693	3	62	402	635	94	365
693	4	56	43	234	7	151
693	5	56	322	439	0	102
693	6	56	1	83	11	242
693	7	0	310	453	0	111
694	1	73	64	215	165	278
694	2	73	51	203	283	387
694	3	63	398	636	99	369
694	4	56	36	233	9	155
694	5	56	323	438	1	101
694	6	0	309	453	0	114
695	1	63	397	636	107	376
695	2	63	378	631	26	260
695	3	56	39	233	7	157
695	4	0	308	454	0	117
696	1	73	60	214	173	280
696	2	63	388	639	112	381
696	3	63	375	633	32	256
696	4	56	38	233	7	155
696	5	0	309	454	0	118
697	1	73	53	209	174	285
697	2	63	381	639	134	375
697	3	62	389	634	150	394
697	4	63	369	629	33	251
697	5	56	29	225	9	151
697	6	0	303	447	0	120
698	1	73	36	202	175	284
698	2	63	378	639	131	377
698	3	63	367	631	38	247
698	4	56	28	220	2	153
698	5	0	298	446	0	119
699	1	73	28	199	186	284
699	2	63	371	639	120	382
699	3	63	346	623	38	250
699	4	56	18	217	4	149
699	5	0	294	440	0	122
700	1	73	23	188	182	284
700	2	73	16	167	297	413
700	3	63	365	639	127	378
700	4	62	373	638	159	394
700	5	63	343	626	40	250
700	6	56	16	212	3	157
700	7	0	290	436	0	121
701	1	73	23	185	184	284
701	2	73	14	162	298	411
701	3	63	367	637	162	393
701	4	63	342	628	43	241
701	5	56	12	209	4	150
701	6	0	288	435	0	121
702	1	73	26	180	182	281
702	2	73	11	158	296	406
702	3	63	353	639	122	381
702	4	63	335	633	39	252
702	5	56	13	207	5	144
702	6	0	284	433	0	121
703	1	73	22	182	187	284
703	2	73	7	155	298	416
703	3	63	333	630	48	338
703	4	62	362	639	165	396
703	5	56	6	205	4	148
703	6	0	279	433	0	122
704	1	73	23	179	187	288
704	2	73	3	161	304	434
704	3	63	332	627	47	250
704	4	63	361	639	170	393
704	5	56	9	208	10	149
704	6	0	277	432	0	126
705	1	73	23	187	185	288
705	2	63	361	639	169	397
705	3	63	336	631	59	326
705	4	56	11	204	9	159
705	5	0	279	430	0	128
706	1	73	28	191	186	295
706	2	63	371	639	167	400
706	3	63	345	626	49	251
706	4	56	22	210	6	157
706	5	0	287	430	0	129
707	1	73	33	197	192	296
707	2	63	374	639	165	401
707	3	63	357	639	54	331
707	4	56	25	209	5	162
707	5	0	292	432	0	130
708	1	73	37	199	188	290
708	2	67	124	175	437	479
708	3	63	363	639	110	385
708	4	63	348	621	48	254
708	5	56	31	208	4	160
708	6	0	295	435	0	130
709	1	73	36	198	179	286
709	2	73	48	165	304	402
709	3	73	48	158	166	243
709	4	63	368	639	125	378
709	5	62	377	637	157	393
709	6	56	31	210	6	158
709	7	0	295	436	0	129
710	1	73	32	195	180	283
710	2	73	46	163	302	391
710	3	63	369	639	135	373
710	4	63	352	618	42	245
710	5	62	375	637	149	395
710	6	56	25	214	4	161
710	7	0	293	435	0	127
711	1	73	37	199	181	278
711	2	73	28	180	289	391
711	3	73	51	159	166	236
711	4	62	370	639	135	373
711	5	63	350	618	41	249
711	6	56	29	214	4	163
711	7	41	358	420	360	421
711	8	0	294	435	0	127
712	1	73	44	205	174	274
712	2	73	54	164	164	231
712	3	73	56	175	283	377
712	4	63	380	639	130	365
712	5	63	348	620	36	249
712	6	56	30	220	8	143
712	7	0	299	438	0	121
713	1	73	55	206	150	264
713	2	63	390	637	107	358
713	3	63	373	633	30	263
713	4	56	43	218	3	124
713	5	56	321	434	7	102
713	6	0	304	447	0	115
714	1	73	59	216	149	262
714	2	63	385	639	43	344
714	3	62	396	637	97	360
714	4	56	41	231	9	139
714	5	56	321	439	4	101
714	6	0	310	451	0	111
715	1	76	115	215	377	476
715	2	73	85	200	259	360
715	3	73	77	188	143	212
715	4	63	398	639	58	335
715	5	62	403	637	96	352
715	6	56	60	223	7	121
715	7	56	0	109	12	246
715	8	56	343	452	0	98
715	9	0	317	457	0	108
716	1	73	84	201	258	350
716	2	73	80	193	142	207
716	3	73	97	227	163	242
716	4	63	405	636	61	328
716	5	62	408	634	90	354
716	6	56	72	235	8	119
716	7	56	339	456	0	91
716	8	41	390	452	308	374
716	9	0	315	450	0	101
717	1	73	88	197	251	338
717	2	63	393	638	6	295
717	3	62	405	635	57	322
717	4	56	71	237	5	120
717	5	0	325	432	4	85
718	1	73	83	199	234	331
718	2	73	67	215	121	225
718	3	67	303	329	179	212
718	4	63	395	636	15	294
718	5	62	405	633	46	313
718	6	56	69	239	3	117
718	7	56	0	107	27	226
718	8	41	381	445	290	355
718	9	0	316	389	1	79
719	1	73	82	199	230	320
719	2	62	402	634	37	310
719	3	56	68	240	0	114
719	4	56	1	81	6	206
719	5	41	382	445	277	343
719	6	0	317	386	2	74
720	1	73	83	203	212	310
720	2	66	434	634	355	479
720	3	62	403	634	14	287
720	4	56	80	243	0	109
720	5	0	315	388	2	63
721	1	73	84	198	210	300
721	2	66	433	638	338	469
721	3	62	405	635	6	278
721	4	56	78	245	0	100
721	5	56	2	78	8	198
721	6	41	383	446	254	318
721	7	0	314	386	0	50
722	1	73	86	197	202	287
722	2	66	433	636	328	464
722	3	62	403	635	0	274
722	4	56	74	238	0	97
722	5	56	2	76	7	192
722	6	44	121	158	380	475
722	7	41	380	445	244	310
723	1	73	81	197	187	279
723	2	66	431	637	317	457
723	3	62	403	634	0	256
723	4	56	74	243	7	58
723	5	41	378	443	235	297
724	1	73	76	188	177	265
724	2	66	423	639	306	445
724	3	62	399	633	0	250
724	4	41	375	441	220	285
725	1	73	71	188	164	258
725	2	66	420	639	290	419
725	3	62	393	635	0	246
725	4	41	370	437	211	276
726	1	73	69	184	157	244
726	2	66	418	639	287	410
726	3	62	386	639	0	216
726	4	41	369	434	199	267
727	1	73	67	185	149	239
727	2	66	414	639	272	402
727	3	62	385	639	0	212
727	4	41	374	429	190	257
728	1	73	61	181	139	228
728	2	66	413	637	270	390
728	3	62	379	639	0	206
728	4	41	373	428	181	245
729	1	73	62	180	136	219
729	2	73	71	203	46	119
729	3	66	415	638	264	374
729	4	62	381	639	0	193
729	5	41	374	428	173	239
730	1	73	70	182	124	215
730	2	73	76	207	43	117
730	3	66	421	638	245	359
730	4	62	386	639	0	188
730	5	41	373	428	164	228
731	1	73	71	182	113	201
731	2	66	422	639	234	352
731	3	62	396	639	2	165
731	4	41	374	431	150	217
732	1	73	63	177	110	191
732	2	66	415	636	220	346
732	3	62	398	636	2	164
732	4	41	373	428	141	209
733	1	73	65	172	106	186
733	2	66	413	638	212	332
733	3	62	393	638	2	158
733	4	41	371	427	132	196
734	1	73	56	174	90	180
734	2	67	277	306	30	64
734	3	66	416	637	198	317
734	4	62	381	639	5	116
734	5	41	368	427	122	190
735	1	73	54	169	86	176
735	2	66	411	634	188	315
735	3	62	375	639	9	112
735	4	41	368	423	115	184
736	1	73	51	166	82	168
736	2	66	410	636	180	312
736	3	62	379	639	8	113
736	4	41	361	417	113	178
737	1	73	50	163	81	168
737	2	66	406	634	174	309
737	3	62	368	639	9	110
737	4	41	361	417	108	171
738	1	73	49	162	81	166
738	2	66	406	634	171	306
738	3	62	369	639	9	109
738	4	41	360	415	106	170
739	1	73	46	156	80	164
739	2	66	406	630	161	305
739	3	62	364	639	10	106
739	4	41	355	411	103	168
740	1	73	40	149	82	165
740	2	66	403	630	154	303
740	3	62	362	639	8	107
740	4	41	350	405	99	166
741	1	73	41	147	80	163
741	2	66	402	632	151	299
741	3	62	354	639	7	107
741	4	41	348	404	97	165
742	1	73	38	146	79	162
742	2	66	400	630	152	295
742	3	62	353	639	11	105
742	4	41	346	402	97	165
743	1	73	35	146	79	162
743	2	66	397	634	150	292
743	3	62	355	639	10	103
743	4	41	345	402	96	164
744	1	73	37	146	80	162
744	2	66	398	634	149	294
744	3	62	354	639	10	104
744	4	41	346	402	95	164
745	1	73	40	146	79	163
745	2	66	399	634	149	294
745	3	62	355	639	9	105
745	4	41	346	402	97	164
746	1	73	39	147	81	164
746	2	66	399	633	149	297
746	3	62	356	639	11	106
746	4	41	346	401	98	164
747	1	73	40	147	80	164
747	2	66	399	632	149	297
747	3	62	355	639	10	106
747	4	41	346	402	97	164
748	1	73	41	149	82	165
748	2	66	402	631	148	301
748	3	62	356	639	10	107
748	4	41	348	403	99	165
749	1	73	46	156	78	167
749	2	66	404	632	155	303
749	3	62	360	639	8	109
749	4	41	351	406	101	167
750	1	73	49	160	83	169
750	2	73	40	178	3	65
750	3	66	406	631	159	307
750	4	62	366	637	9	110
750	5	41	355	411	106	169
751	1	73	51	162	84	169
751	2	66	407	632	160	307
751	3	62	366	638	9	112
751	4	41	357	414	107	171
752	1	73	50	161	86	173
752	2	66	405	633	168	310
752	3	62	366	639	10	112
752	4	41	356	413	110	176
753	1	73	52	163	90	180
753	2	66	408	633	170	311
753	3	62	362	639	9	115
753	4	41	350	419	112	179
754	1	73	54	164	90	182
754	2	66	408	633	171	313
754	3	62	368	639	10	114
754	4	41	358	414	116	181
755	1	73	55	169	92	184
755	2	66	409	634	175	318
755	3	62	365	639	10	113
755	4	41	359	416	116	184
756	1	73	59	165	102	187
756	2	66	412	634	180	319
756	3	62	372	636	7	138
756	4	41	362	418	123	187
757	1	73	62	167	103	188
757	2	66	413	633	182	319
757	3	62	380	632	6	141
757	4	41	362	419	125	188
758	1	73	64	171	104	189
758	2	66	416	634	189	321
758	3	62	381	630	6	143
758	4	41	364	419	130	190
759	1	73	64	173	107	189
759	2	66	420	633	181	327
759	3	62	386	632	6	146
759	4	41	369	424	130	193
760	1	73	65	174	107	189
760	2	66	421	634	182	325
760	3	62	389	632	6	148
760	4	41	369	426	130	193
761	1	73	65	175	107	189
761	2	66	417	636	210	331
761	3	62	387	632	5	149
761	4	41	369	427	130	194
762	1	73	65	175	110	193
762	2	66	418	638	208	332
762	3	62	390	634	4	154
762	4	41	371	427	132	196
763	1	73	64	175	109	192
763	2	66	418	637	208	332
763	3	62	391	634	2	154
763	4	41	371	427	132	195
764	1	73	65	175	109	193
764	2	66	418	637	209	331
764	3	62	390	634	4	151
764	4	41	371	427	132	195
765	1	73	65	175	112	197
765	2	66	420	638	207	337
765	3	62	392	634	3	157
765	4	41	370	426	134	201
766	1	73	64	176	113	196
766	2	66	421	639	206	337
766	3	62	396	636	3	158
766	4	41	371	428	134	201
767	1	73	66	176	112	196
767	2	66	420	639	205	337
767	3	62	396	638	3	157
767	4	41	373	429	131	197
768	1	73	64	177	113	198
768	2	66	422	637	207	338
768	3	62	395	635	2	161
768	4	41	373	429	133	203
769	1	73	63	178	115	198
769	2	66	423	637	206	339
769	3	62	396	635	2	161
769	4	41	375	429	135	205
770	1	73	71	181	113	198
770	2	66	422	637	206	339
770	3	62	398	636	2	162
770	4	41	374	429	135	205
771	1	73	70	182	111	197
771	2	66	423	638	206	342
771	3	62	399	637	3	161
771	4	41	375	429	136	206
772	1	73	71	182	112	198
772	2	66	424	637	206	344
772	3	62	399	637	2	163
772	4	41	377	430	137	206
773	1	73	71	182	112	196
773	2	66	425	638	206	343
773	3	62	399	635	0	161
773	4	41	376	432	136	204
774	1	73	72	183	110	195
774	2	66	424	639	206	341
774	3	62	403	636	0	162
774	4	41	377	435	135	202
775	1	73	72	182	107	194
775	2	66	424	638	206	339
775	3	62	402	637	0	160
775	4	41	377	435	134	202
776	1	73	71	182	106	195
776	2	66	423	639	205	339
776	3	62	399	636	2	156
776	4	41	375	432	131	197
777	1	73	70	182	109	195
777	2	66	424	638	205	340
777	3	62	400	637	1	157
777	4	41	370	437	129	198
778	1	73	71	181	109	196
778	2	66	423	639	204	341
778	3	62	401	637	0	159
778	4	41	374	432	133	202
779	1	73	70	181	109	198
779	2	66	425	638	205	340
779	3	62	400	637	1	158
779	4	41	370	437	130	198
780	1	73	64	177	114	201
780	2	66	424	638	204	344
780	3	62	399	637	0	159
780	4	41	375	432	134	203
781	1	73	63	177	115	202
781	2	66	425	638	204	347
781	3	62	399	635	2	161
781	4	41	376	431	135	205
782	1	73	70	181	113	200
782	2	66	424	639	204	346
782	3	62	398	635	1	160
782	4	41	376	433	135	205
783	1	73	71	181	112	200
783	2	66	425	637	204	348
783	3	62	397	635	1	159
783	4	41	376	433	135	204
784	1	73	71	181	114	201
784	2	66	426	639	204	349
784	3	62	401	635	2	162
784	4	41	376	432	137	207
785	1	73	71	181	114	201
785	2	66	427	639	206	351
785	3	62	400	637	1	162
785	4	41	377	432	137	207
786	1	73	71	182	114	202
786	2	66	427	638	206	350
786	3	62	400	637	1	163
786	4	41	370	439	138	206
787	1	73	71	182	115	202
787	2	66	426	639	207	351
787	3	62	403	637	0	163
787	4	41	378	434	139	208
788	1	73	72	182	114	201
788	2	66	427	638	209	352
788	3	62	404	637	1	165
788	4	41	378	435	140	209
789	1	73	72	183	114	199
789	2	66	426	638	210	353
789	3	62	405	639	0	165
789	4	41	379	436	140	209
790	1	73	72	182	114	201
790	2	66	427	639	213	354
790	3	62	403	639	0	165
790	4	41	379	434	142	209
791	1	73	71	182	115	201
791	2	66	427	638	211	354
791	3	62	403	638	1	166
791	4	41	378	434	143	209
792	1	73	71	182	114	202
792	2	66	426	639	216	354
792	3	62	401	639	0	166
792	4	41	377	432	144	211
793	1	73	73	182	114	205
793	2	66	428	637	216	355
793	3	62	403	639	2	166
793	4	41	377	433	145	213
794	1	73	74	182	115	207
794	2	66	430	636	216	356
794	3	62	405	639	3	168
794	4	41	378	436	145	214
795	1	73	76	186	116	207
795	2	66	433	636	217	355
795	3	62	407	639	2	167
795	4	41	380	436	145	214
796	1	73	75	185	116	208
796	2	66	432	635	215	356
796	3	62	406	638	1	167
796	4	41	380	438	147	215
797	1	73	75	186	117	207
797	2	66	434	635	219	356
797	3	62	405	638	1	167
797	4	41	379	437	149	216